seq_id	position	insert_position	reference_base	major_base	minor_base	major_frequency	major_top_strand	major_bot_strand	minor_top_strand	minor_bot_strand	major_quals	minor_quals	
CP001853	13936	0	G	G	A	0.909549	42	8	0	5	36,36,36,36,27,36,36,36,36,27,36,36,36,36,36,36,36,32,32,36,36,32,36,36,36,36,36,36,36,36,36,36,36,32,36,36,36,36,36,36,36,36,36,36,36,36,36,36,36,36	14,14,14,14,14	
CP001853	67137	0	G	G	T	0.857441	27	43	12	0	14,14,21,14,14,14,14,36,14,36,36,36,36,36,36,21,36,36,36,36,36,36,36,36,36,14,14,14,21,36,36,36,36,36,36,36,14,21,36,36,32,36,36,36,36,32,36,14,36,36,36,36,36,36,36,36,36,36,36,36,36,36,36,32,36,36,36,36,36,36	21,14,21,14,21,21,21,21,14,21,21,21	
CP001853	81945	0	A	A	C	0.825356	21	11	0	7	36,21,21,36,36,36,36,36,36,36,36,14,36,36,36,36,14,14,36,14,36,36,36,36,14,14,36,36,14,14,14,36	14,14,14,14,32,14,14	
CP001853	93669	0	G	G	T	0.903766	43	11	6	0	32,36,14,14,32,14,14,14,36,36,27,36,32,36,21,36,14,14,36,32,14,36,32,14,14,14,32,14,32,21,36,36,36,14,14,21,32,14,14,14,36,21,32,36,36,36,36,36,36,21,36,36,36,36	14,21,36,21,21,14	
CP001853	102655	0	A	A	C	0.900703	27	17	0	5	36,36,36,36,36,36,36,14,21,36,32,36,36,14,36,36,36,36,36,36,36,36,36,36,14,36,36,14,36,14,14,14,14,14,14,32,14,14,14,14,14,14,36,36	36,27,14,27,14	
CP001853	110774	1	.	.	G	0.938778	1	45	3	0	36,36,32,36,36,36,14,32,36,32,36,36,36,14,36,14,21,36,36,14,36,36,36,36,36,32,36,36,36,36,36,36,36,36,36,36,36,36,14,36,36,36,36,14,36,36	14,32,14	
CP001853	110779	0	A	A	T	0.945471	9	60	4	0	36,36,36,36,36,36,36,36,36,36,36,36,36,36,36,36,21,36,36,36,36,36,36,36,36,36,36,36,36,36,36,36,36,36,36,36,36,36,36,36,36,36,36,36,36,36,36,21,36,36,14,21,36,36,36,36,36,36,36,36,32,36,36,36,36,36,36,36,36	36,32,32,14	
CP001853	159393	0	G	.	G	0.928571	10	3	1	0	36,32,14,36,36,36,36,36,36,36,36,36,36	36	
CP001853	163607	0	C	C	G	0.865865	24	19	8	0	21,14,14,36,14,14,14,14,14,14,14,21,14,14,14,14,36,36,36,36,21,21,14,14,36,36,32,36,36,36,36,36,36,36,36,36,14,36,36,14,36,36,36	14,14,14,14,14,14,14,14	
CP001853	230440	0	A	A	C	0.780501	21	9	0	8	36,14,36,14,36,14,32,36,36,14,21,36,36,32,14,14,14,14,32,36,14,36,36,36,36,14,32,36,36,14	14,14,14,14,14,14,14,14	
CP001853	281241	0	T	C	A	0.989054	14	48	0	1	36,36,36,36,36,36,36,36,36,36,36,36,36,36,36,36,36,32,36,36,36,32,36,36,36,36,14,36,32,36,36,36,36,36,36,36,36,36,36,36,36,36,36,36,14,14,36,36,36,36,36,36,36,32,36,36,36,36,36,36,36,36	14	
CP001853	291590	1	.	.	C	0.892856	25	0	3	0	32,36,36,36,36,36,32,36,36,36,36,36,36,36,36,36,32,36,32,36,36,36,36,21,36	36,36,36	
CP001853	291591	0	C	C	.	0.892864	25	0	3	0	32,36,36,36,36,36,32,36,36,36,36,36,36,36,36,32,36,32,36,36,36,36,36,21,36	36,36,36	
CP001853	294614	0	C	C	G	0.84414	27	10	7	0	36,14,36,14,14,36,14,36,36,36,36,36,14,14,21,14,32,14,36,21,14,14,21,36,14,32,14,32,14,32,14,14,36,36,21,14,21	21,21,14,14,21,21,21	
CP001853	294624	0	A	A	T	0.889351	26	14	5	0	14,32,21,14,36,14,14,14,21,21,14,14,14,14,14,14,14,36,36,14,21,14,32,21,21,36,36,36,21,36,36,32,32,36,36,32,36,36,36,32	14,14,14,14,14	
CP001853	368367	0	A	A	C	0.887387	18	92	0	15	36,14,36,32,21,14,14,14,14,14,14,32,14,32,36,36,14,36,36,36,32,36,36,36,14,27,21,36,36,36,36,36,36,32,32,14,14,14,14,14,14,14,14,14,14,14,14,14,32,14,14,36,14,32,14,14,14,27,14,14,14,14,14,14,14,32,14,14,27,32,36,14,32,36,14,14,14,14,14,14,36,14,36,14,32,14,14,14,14,14,14,36,14,36,14,14,36,36,14,32,36,32,36,14,14,14,36,14,32,14	14,14,14,14,14,14,14,14,14,14,14,14,14,14,14	
CP001853	401752	0	T	T	G	0.864181	17	57	0	13	36,36,32,36,36,36,36,36,36,36,36,36,36,36,36,36,36,36,21,14,36,36,14,36,36,36,14,14,14,32,14,14,14,14,14,14,14,21,14,14,14,14,21,14,14,36,14,14,14,14,32,32,14,32,14,36,14,14,14,14,32,14,14,32,14,14,14,14,36,14,14,14,14,14	14,14,14,14,14,14,14,14,14,14,14,32,14	
CP001853	422715	0	T	T	C	0.954655	72	33	4	1	14,36,36,36,36,36,36,36,36,36,36,36,36,36,36,36,36,36,36,36,36,36,36,36,36,36,36,36,36,36,36,36,36,36,36,36,36,36,32,36,36,36,36,36,14,32,36,36,36,36,36,36,36,36,14,36,36,36,36,36,36,21,36,36,36,36,21,36,36,36,36,36,36,36,36,36,36,32,36,36,36,36,32,36,36,36,36,36,36,36,36,36,36,32,36,36,36,36,36,36,36,36,36,36,36	36,36,36,36,36	
CP001853	432102	0	T	T	G	0.52507	7	9	0	14	36,36,32,36,36,32,36,14,14,14,14,14,14,14,14,14	32,14,14,14,14,14,14,14,14,14,14,14,14,14	
CP001853	486934	0	G	G	C	0.816038	10	11	5	0	14,36,36,36,36,32,14,14,14,14,36,36,36,32,36,36,21,21,21,14,32	14,14,32,14,32	
CP001853	486937	0	A	A	C	0.688886	8	11	9	0	14,14,36,36,32,14,14,14,36,36,36,36,36,36,14,14,36,32,36	14,14,14,36,14,14,14,14,14	
CP001853	490476	0	C	C	G	0.892644	60	10	8	0	14,21,21,32,14,36,14,21,32,14,32,14,21,14,21,21,21,14,14,14,21,14,21,21,36,36,32,36,14,14,14,14,21,36,32,36,36,32,36,36,14,36,36,14,36,14,36,36,14,14,36,36,32,36,32,32,14,32,21,14,32,36,36,32,21,21,32,14,36,36	14,14,21,14,14,21,21,21	
CP001853	496152	0	T	T	G	0.822039	27	19	1	10	36,36,32,21,14,14,14,36,36,36,36,14,36,36,36,36,14,36,36,14,36,36,21,14,14,36,14,36,36,36,36,14,14,14,36,36,36,36,36,36,36,14,14,14,14,36	14,14,14,14,14,14,32,14,14,14,14	
CP001853	614822	0	T	T	G	0.823137	7	29	8	0	36,36,36,36,36,36,14,14,36,32,14,21,14,36,36,36,21,36,36,14,36,36,14,14,36,36,36,36,36,36,36,36,36,36,36,36	14,14,36,14,14,27,14,14	
CP001853	691897	0	A	A	G	0.939499	55	69	1	7	36,36,36,36,36,36,36,36,32,36,36,36,36,36,36,36,36,32,36,36,36,32,36,36,36,36,36,36,36,36,36,36,36,36,36,36,36,32,36,36,36,36,36,36,36,36,36,32,36,36,36,36,36,36,36,36,32,36,36,36,36,36,36,36,36,36,36,36,36,36,36,36,36,36,36,21,36,36,36,36,36,36,36,36,21,36,36,36,36,36,36,36,36,36,14,36,36,36,36,14,36,36,36,36,36,36,36,36,36,36,36,36,36,36,36,36,36,36,36,36,32,36,36,36	36,36,36,36,36,36,36,36	
CP001853	726628	0	C	C	G	0.910505	43	45	9	0	36,36,36,36,14,21,14,36,32,14,21,14,14,14,21,14,14,21,14,14,21,14,32,14,36,21,21,21,14,14,14,36,14,21,14,27,14,36,36,14,14,14,14,36,36,36,36,36,36,36,36,36,36,21,36,36,36,36,36,36,36,36,14,36,36,14,21,14,21,14,21,21,36,36,36,36,36,36,36,36,36,36,14,36,36,36,32,36	14,14,21,21,14,21,14,21,14	
CP001853	726629	0	T	T	G	0.816597	28	41	16	0	21,14,21,14,14,21,21,21,14,14,21,14,14,14,14,21,14,14,14,36,21,14,36,36,21,14,36,36,36,36,32,36,36,36,21,36,14,32,36,36,32,36,36,32,14,32,36,36,14,21,14,21,36,36,36,36,36,36,36,36,32,36,36,36,36,36,32,36,36	14,21,14,14,21,21,21,14,14,32,14,14,14,14,14,14	
CP001853	726635	0	C	C	G	0.890451	36	43	10	0	14,14,21,21,14,14,14,14,14,14,14,14,14,14,36,32,14,14,32,14,14,14,14,32,14,14,14,14,36,36,14,14,14,36,36,32,36,36,36,36,36,36,36,14,36,36,36,36,36,36,36,36,36,36,36,21,21,27,32,36,36,36,36,36,36,36,36,36,36,14,36,32,36,36,36,36,36,36,36	21,14,14,14,14,14,14,21,14,14	
CP001853	758485	0	A	G	C	0.989676	40	32	0	1	36,36,36,36,36,36,36,36,36,36,14,36,36,36,36,14,36,36,36,36,36,36,36,36,32,36,36,14,32,36,36,36,36,36,36,36,36,36,36,36,36,36,36,36,36,36,36,36,36,36,32,27,36,36,36,32,36,36,36,36,36,36,36,36,36,36,36,36,36,36,36,36	14	
CP001853	809959	0	C	C	G	0.76782	5	11	0	5	36,36,14,36,36,14,32,36,36,14,36,32,36,36,14,36	32,32,32,14,14	
CP001853	866727	0	C	C	G	0.900625	29	29	7	0	14,36,36,36,36,14,14,21,36,32,14,14,32,14,14,36,36,36,14,14,36,36,36,36,14,36,36,36,36,36,14,14,14,14,36,36,32,21,14,21,21,21,32,14,14,14,14,14,14,14,14,14,36,36,36,36,36,36	14,14,14,14,14,14,14	
CP001853	893616	0	A	A	C	0.948081	17	50	0	4	36,36,36,14,32,32,21,14,14,21,14,21,21,14,14,14,21,14,14,32,21,14,32,36,36,36,36,36,36,36,36,36,36,36,36,36,14,14,14,14,14,36,32,36,21,32,21,32,21,14,14,36,21,14,36,14,36,14,14,14,21,36,36,21,36,14,14	14,36,14,36	
CP001853	1079722	1	.	.	C	0.904764	13	6	0	2	36,36,32,36,36,32,36,36,32,32,36,36,36,36,32,32,36,36,36	14,32	
CP001853	1108595	0	A	A	C	0.686845	5	8	0	6	36,14,36,14,14,14,14,21,14,36,14,14,14	14,14,14,14,14,14	
CP001853	1109185	0	G	G	A	0.941895	30	18	3	0	36,36,36,36,36,36,36,36,36,36,36,36,36,36,36,36,36,36,36,36,36,36,36,36,36,21,36,36,36,36,36,36,36,36,36,36,36,36,36,36,36,36,36,36,36,36,36,36	36,36,36	
CP001853	1142757	0	T	T	G	0.839232	24	18	9	0	14,14,14,14,32,14,14,14,21,14,14,36,14,36,36,36,14,14,14,36,14,14,36,14,14,36,36,36,32,36,36,36,36,36,32,36,36,36,36,36,36,36	14,14,14,14,14,14,14,14,14	
CP001853	1239151	0	T	T	G	0.887205	18	34	7	0	14,14,14,14,32,14,36,14,36,14,32,36,14,14,14,14,36,14,36,36,32,14,36,36,14,14,14,21,14,36,36,21,36,36,36,36,36,14,14,36,32,32,32,36,36,21,14,36,36,36,36,36	14,14,14,14,14,14,32	
CP001853	1260257	0	A	G	T	0.980586	26	8	1	0	14,36,36,36,36,36,36,36,32,36,36,36,36,36,36,36,14,36,36,36,36,36,36,32,36,36,36,36,32,32,32,36,36,36	14	
CP001853	1265410	0	G	G	C	0.8743	17	17	0	5	14,36,32,14,14,14,36,36,32,36,36,36,36,36,36,36,14,21,36,36,36,21,36,36,36,32,14,36,32,21,27,14,36,36	14,27,21,14,14	
CP001853	1305547	0	T	T	C	0.561007	16	7	18	0	36,36,27,36,14,36,36,36,36,36,36,36,36,36,36,36,36,36,36,36,36,36,36	36,36,32,36,36,36,36,36,36,36,36,36,36,36,14,36,36,36	
CP001853	1305560	0	G	G	C	0.621122	18	12	19	0	36,32,36,36,36,36,36,36,36,36,36,27,36,36,36,36,36,36,36,36,36,36,36,36,36,36,36,36,36,36	14,36,36,14,36,36,36,36,32,36,36,36,36,36,36,14,36,36,36	
CP001853	1309446	1	.	.	C	0.955559	40	3	0	2	32,27,36,36,36,32,32,36,32,36,36,36,14,36,21,14,14,36,36,36,36,36,32,36,36,36,36,36,32,36,36,36,36,36,36,36,36,36,36,36,36,36,14	14,21	
CP001853	1350333	0	C	C	G	0.866832	33	8	0	7	36,36,36,36,36,36,36,36,36,36,36,14,36,36,36,14,14,36,36,36,36,36,32,36,36,36,14,14,14,14,27,36,36,14,36,36,36,36,36,32,36	14,14,14,14,14,36,32	
CP001853	1361818	1	.	.	T	0.972603	43	28	2	0	36,36,32,36,36,36,36,36,36,32,32,14,32,36,36,36,36,36,36,36,36,36,36,36,36,32,36,36,36,36,36,36,36,36,36,36,36,36,36,36,36,36,36,36,36,36,36,36,36,36,36,36,27,36,36,36,36,36,32,36,32,36,36,36,14,36,36,36,36,36,36	36,36	
CP001853	1416887	1	.	.	A	0.960785	14	35	2	0	36,21,14,14,14,14,36,36,36,21,36,36,36,36,21,36,36,14,36,36,36,36,36,14,36,36,36,36,36,36,36,36,27,36,36,36,36,32,36,36,32,36,32,36,36,36,36,36,36	36,27	
CP001853	1452969	0	C	C	G	0.831964	46	27	0	16	36,36,36,36,32,36,36,36,36,36,14,14,36,21,14,21,36,32,36,14,36,36,14,32,32,36,36,36,36,36,14,32,32,36,14,36,14,14,14,36,36,36,36,32,14,36,36,36,36,14,32,36,32,14,14,36,36,36,36,36,36,36,36,32,36,36,36,36,36,36,32,36,36	14,14,21,36,14,27,21,32,14,14,21,14,14,14,14,14	
CP001853	1465653	0	A	A	C	0.86994	30	20	0	8	36,36,36,36,36,36,14,36,36,36,14,14,21,14,36,21,14,21,14,14,14,36,36,14,36,36,36,14,36,36,36,36,14,36,36,36,36,36,14,36,36,36,14,36,36,36,14,14,14,14	14,14,27,14,14,14,14,14	
CP001853	1493286	0	C	C	G	0.49644	3	3	6	0	36,14,14,14,36,14	14,14,14,14,21,14	
CP001853	1523754	1	.	.	G	0.930234	18	22	0	3	32,36,14,36,32,32,14,27,14,14,14,14,36,32,32,14,14,36,14,14,36,14,14,36,14,36,14,14,14,14,21,14,14,14,14,36,36,36,36,36	14,14,14	
CP001853	1528586	0	G	G	C	0.931436	48	69	0	9	36,36,36,36,36,36,36,32,36,36,36,36,36,36,36,36,36,36,36,36,36,36,36,36,36,36,36,36,36,36,36,36,14,14,14,14,36,36,14,14,14,36,14,36,36,14,36,14,14,14,14,14,14,27,14,14,14,14,32,36,36,14,36,36,14,14,14,14,32,14,36,14,32,36,32,14,32,14,27,14,36,32,36,36,36,36,21,36,36,36,36,36,36,32,36,14,14,21,14,14,14,32,36,36,32,36,36,36,36,36,14,32,36,32,14,14,32	14,14,14,14,14,14,14,14,14	
CP001853	1528592	0	G	G	C	0.7978	41	54	0	25	36,36,36,36,36,36,36,36,36,36,36,36,36,36,36,36,14,36,36,36,32,36,36,36,14,21,21,14,32,36,36,14,32,14,21,14,14,14,14,21,14,14,14,14,14,14,14,14,14,14,14,14,14,14,14,14,14,14,21,14,14,14,32,36,32,36,36,36,14,36,36,36,32,36,36,14,21,14,36,36,36,36,36,36,36,36,36,32,14,14,14,14,21,14,14	14,14,14,14,14,14,14,14,14,14,14,14,14,14,14,14,21,14,14,14,14,14,14,14,14	
CP001853	1528594	0	A	A	C	0.894321	27	68	0	12	32,32,14,36,36,36,36,14,32,14,14,36,36,14,21,14,14,14,21,21,21,14,14,14,14,14,14,14,32,14,14,36,32,14,14,36,14,14,36,36,36,14,36,32,32,14,14,14,32,36,36,36,14,14,36,32,21,32,36,32,36,14,14,21,14,21,32,14,36,21,36,36,27,36,36,36,36,36,14,14,14,14,14,14,14,14,14,32,32,14,14,14,36,14,21	14,14,14,14,14,14,14,14,14,14,14,32	
CP001853	1572105	0	T	T	G	0.733039	34	17	17	2	14,14,32,14,14,32,14,14,14,14,32,32,14,14,14,36,36,36,36,36,14,32,14,36,32,36,14,36,14,14,36,21,14,36,27,14,14,14,36,36,36,21,14,32,14,14,36,14,14,36,36	14,14,14,27,32,14,14,14,14,14,14,14,14,14,14,14,32,14,14	
CP001853	1574049	0	G	G	A	0.808746	11	18	4	3	36,36,36,36,36,36,36,36,36,36,36,36,36,36,36,36,36,32,36,36,32,32,36,36,36,36,27,36,36	36,36,36,36,32,36,36	
CP001853	1610801	0	T	T	C	0.965032	24	86	2	2	36,36,36,36,36,36,36,36,36,36,32,36,36,36,36,36,36,36,36,36,36,14,36,36,36,36,36,36,36,36,36,36,36,36,36,36,36,36,36,32,36,36,36,32,14,36,32,36,36,36,36,14,36,36,36,36,36,36,36,36,36,36,36,32,14,36,36,21,32,21,32,14,36,36,32,36,36,36,36,36,36,36,36,36,32,36,36,36,36,36,36,14,36,36,36,36,36,36,36,36,36,36,36,36,36,36,36,36,21,36	36,36,36,36	
CP001853	1646835	0	A	A	.	0.961547	45	30	2	1	36,36,36,36,36,36,36,36,36,36,36,36,36,36,36,36,36,36,36,36,14,36,36,36,36,36,36,32,36,36,36,36,36,36,36,36,36,36,36,36,36,36,36,21,36,36,36,36,32,36,36,36,36,36,36,36,36,36,36,36,36,36,36,36,36,36,36,36,36,36,36,36,36,36,36	36,36,36	
CP001853	1701643	0	A	A	.	0.958912	25	45	0	3	36,36,14,36,36,36,36,36,36,36,36,36,36,36,32,36,36,36,36,36,32,36,36,36,36,32,36,36,36,36,36,36,36,36,36,36,36,36,36,36,36,36,36,36,36,36,36,32,36,36,36,36,36,36,36,36,36,32,36,36,36,36,36,36,36,36,36,36,36,36	36,36,36	
CP001853	1722697	0	T	T	G	0.720618	21	22	17	0	21,14,14,14,14,14,14,14,14,32,36,14,14,14,36,36,36,32,14,14,14,14,36,36,14,14,14,14,32,36,36,32,36,36,14,14,36,36,36,36,36,36,14	14,14,32,14,14,14,14,14,14,14,14,14,14,14,14,14,21	
CP001853	1722701	0	C	C	G	0.787358	8	34	12	0	14,14,36,36,36,36,14,14,14,36,14,14,14,14,36,36,36,32,36,14,36,36,32,36,36,36,27,36,14,36,36,36,36,36,36,36,36,14,36,36,36,36	14,14,14,14,14,14,14,14,14,14,14,14	
CP001853	1724066	0	T	T	G	0.745925	15	8	8	0	36,32,14,36,14,36,36,36,14,36,36,14,14,21,14,32,36,14,36,36,32,36,36	14,14,32,21,21,14,14,14	
CP001853	1724069	0	C	C	G	0.876909	21	24	6	0	36,14,14,36,14,14,14,36,21,14,14,21,14,14,14,14,14,14,36,36,36,36,36,21,21,14,36,36,36,36,36,36,36,36,36,36,32,36,36,32,36,36,27,36,36	14,14,14,14,14,14	
CP001853	1739597	0	C	C	G	0.850682	34	5	7	0	36,36,14,14,21,14,21,14,14,14,21,14,14,14,14,36,36,14,14,36,14,21,21,14,21,32,32,14,14,36,36,21,14,21,36,14,36,14,14	21,14,21,21,21,14,14	
CP001853	1768253	0	G	G	C	0.844229	34	5	0	6	36,36,36,36,36,14,36,36,36,36,36,36,36,36,36,36,36,36,36,14,36,36,36,32,36,32,36,36,32,14,14,36,36,36,36,36,36,36,14	14,14,14,14,14,14	
CP001853	1783833	0	C	C	G	0.829184	46	20	14	0	36,36,14,14,14,14,36,36,32,36,36,14,36,36,14,14,21,27,36,36,36,14,21,14,36,36,36,36,36,36,14,21,36,36,36,21,36,21,36,32,21,14,32,32,36,36,36,36,36,32,36,36,36,36,32,32,14,14,32,36,36,36,36,36,36,36	14,14,14,14,14,14,14,14,14,14,14,14,14,14	
CP001853	1790922	0	T	T	G	0.499767	2	4	0	6	14,14,14,14,36,14	32,14,14,14,14,14	
CP001853	1830789	0	A	A	G	0.906762	29	30	6	0	36,14,36,36,36,14,36,36,36,36,36,36,36,36,36,36,36,36,36,36,36,36,36,36,36,36,14,36,36,14,36,32,36,36,36,14,14,21,36,36,14,21,32,36,36,36,14,36,14,36,36,36,36,36,36,36,36,32,36	14,14,14,14,14,14	
CP001853	1856669	0	A	A	C	0.686165	16	5	10	0	14,14,14,14,14,36,14,14,36,14,14,36,36,36,14,14,14,36,14,36,36	14,14,14,14,14,14,14,14,14,14	
CP001853	1860151	1	.	.	G	0.953125	6	55	3	0	36,36,14,36,14,36,36,36,36,36,36,36,36,32,36,36,36,36,36,36,36,36,36,21,36,36,32,36,36,36,32,36,36,36,36,32,36,36,14,36,14,32,36,36,36,36,36,36,36,36,36,36,36,36,36,21,36,36,36,36,36	36,36,36	
CP001853	1860157	0	A	A	C	0.898015	0	47	6	0	36,36,36,36,36,36,36,36,36,36,36,36,36,36,36,36,36,36,36,36,36,36,21,36,36,36,36,36,36,36,36,36,36,36,36,32,36,36,36,36,36,36,14,36,36,36,36	14,32,14,36,14,14	
CP001853	1882289	1	.	.	G	0.9375	2	28	2	0	32,36,36,32,36,32,36,36,36,36,32,36,36,36,36,36,36,36,32,36,36,36,36,36,36,36,14,36,36,36	36,36	
CP001853	1905686	0	G	G	C	0.572296	7	1	0	6	36,36,36,36,36,21,14,36	14,14,14,14,14,14	
CP001853	1905689	0	A	A	C	0.811777	17	4	0	5	36,36,36,36,32,21,14,36,36,14,36,36,36,36,36,36,36,36,36,36,14	36,32,14,14,14	
CP001853	1924002	0	G	G	C	0.868454	41	10	0	8	36,36,36,21,36,36,36,36,36,36,36,36,36,36,14,32,36,14,36,32,32,36,36,36,36,36,36,36,36,36,36,36,36,21,36,36,14,36,14,14,36,36,36,36,36,36,36,36,36,14,14	21,14,21,21,21,21,14,14	
