seq_id	position	insert_position	reference_base	major_base	minor_base	major_frequency	major_top_strand	major_bot_strand	minor_top_strand	minor_bot_strand	major_quals	minor_quals	
CP001853	32463	0	C	C	A	0.885992	35	17	0	7	36,36,36,36,36,32,32,36,32,32,36,36,14,36,14,36,36,36,36,36,21,36,36,36,14,14,14,36,36,36,32,32,32,21,21,36,14,32,21,36,14,36,14,36,36,36,36,36,14,36,36,36	21,14,32,14,21,14,14	
CP001853	67137	0	G	G	T	0.906121	29	45	8	0	14,27,14,14,36,36,36,36,14,14,36,21,36,36,36,36,36,36,36,36,36,36,36,36,36,14,36,36,36,14,14,14,14,14,14,36,36,14,36,36,32,36,36,21,36,36,36,32,36,36,36,36,36,36,36,36,36,36,36,36,36,36,36,36,36,36,36,36,36,14,36,21,36,36	21,21,14,14,21,21,36,21	
CP001853	68365	0	A	A	C	0.889206	69	40	16	0	36,36,36,36,36,36,36,14,14,36,14,14,14,36,14,14,36,14,36,36,36,36,36,36,36,36,21,32,32,32,21,21,21,21,32,14,21,36,14,21,32,21,36,14,32,14,21,32,32,21,21,21,21,21,36,27,36,36,14,14,36,36,14,14,36,14,14,14,36,14,14,36,32,27,14,36,32,14,14,36,36,36,36,36,36,36,14,21,21,14,36,32,14,14,36,36,32,36,36,36,36,36,36,36,36,36,36,36,36	14,14,14,14,27,14,14,14,14,14,14,14,14,14,14,14	
CP001853	85892	0	G	G	C	0.776981	11	21	10	0	36,32,36,32,32,32,36,32,27,14,14,14,14,14,32,14,32,36,36,32,36,36,36,36,36,36,36,21,21,36,36,36	14,14,14,14,14,14,14,21,14,21	
CP001853	87834	0	T	T	G	0.892691	54	23	10	0	32,36,36,36,32,14,32,14,14,14,14,14,14,14,14,36,14,14,14,14,14,32,36,36,36,36,36,36,32,36,14,14,21,14,36,14,32,14,14,14,14,36,32,36,14,14,36,36,21,36,36,32,36,32,36,36,36,36,36,14,36,32,36,32,36,14,14,36,36,36,36,36,36,36,36,36,36	14,14,14,14,14,14,14,14,14,14	
CP001853	90666	0	T	T	C	0.916316	24	28	0	5	36,36,36,36,32,36,36,14,14,36,36,36,36,36,36,36,36,36,36,36,36,36,36,36,36,21,36,36,36,21,14,14,14,14,36,36,14,14,14,36,36,14,32,14,14,14,14,14,14,36,32,14	14,14,14,14,14	
CP001853	102655	0	A	A	C	0.901615	30	14	0	5	36,36,36,36,36,27,36,36,36,36,36,36,36,36,36,36,36,36,36,36,36,36,21,36,36,14,36,21,36,21,36,14,14,14,32,14,32,14,14,14,14,14,14,14	14,14,32,32,14	
CP001853	102657	0	G	G	C	0.878854	30	26	0	8	36,36,14,36,32,21,32,36,36,14,36,36,36,36,36,36,32,36,36,36,36,36,36,36,36,32,36,36,36,21,32,36,14,14,36,14,14,32,32,36,27,14,21,21,14,21,32,14,14,14,32,14,14,14,14,36	21,21,21,14,21,14,14,14	
CP001853	124347	0	T	T	G	0.790616	12	10	6	0	36,32,14,14,32,36,36,14,36,36,32,14,32,14,32,14,14,36,32,32,36,14	32,14,14,14,14,14	
CP001853	152692	0	A	A	C	0.840615	47	8	0	10	36,36,36,36,14,36,21,36,36,32,32,36,36,36,14,32,36,36,36,36,36,36,36,36,14,36,36,36,36,36,36,36,36,36,36,36,27,14,36,36,36,36,36,36,36,36,36,36,36,36,36,36,36,32,36	14,14,14,14,14,14,14,14,14,14	
CP001853	152699	0	A	A	C	0.844436	45	7	0	10	36,32,36,32,36,36,36,36,32,36,36,36,32,36,36,36,14,32,36,36,36,36,14,14,36,36,36,36,36,32,32,21,14,36,36,36,36,36,36,36,36,36,36,14,14,36,36,36,36,14,14,14	14,14,14,14,32,14,14,14,14,14	
CP001853	159394	0	G	G	.	0.87501	12	2	2	0	36,32,36,36,36,36,36,36,36,36,36,36,36,36	14,36	
CP001853	163603	0	T	T	G	0.889888	39	22	8	0	32,36,32,14,14,21,36,36,36,36,32,21,32,14,21,14,14,14,21,36,14,14,32,36,21,14,32,36,14,14,32,36,36,32,36,36,36,14,32,14,14,21,32,36,36,36,36,36,36,36,14,36,36,36,21,36,21,14,14,36,14	14,14,14,32,14,14,32,14	
CP001853	163607	0	C	C	G	0.862347	30	23	10	0	21,14,21,14,14,36,36,32,14,14,14,14,14,14,14,14,14,14,14,14,14,14,14,21,14,21,36,36,36,36,36,14,14,36,36,36,36,36,36,36,36,36,36,36,36,21,14,21,36,36,36,36,36	14,14,14,14,14,14,14,14,14,14	
CP001853	174481	0	A	A	G	0.81894	3	19	5	0	14,36,36,36,32,36,36,36,36,32,14,36,36,36,36,36,36,36,14,36,36,36	14,14,14,14,14	
CP001853	177891	0	G	G	T	0.914458	32	50	8	0	14,36,36,36,36,36,36,14,14,32,21,21,14,32,21,27,21,36,36,32,32,14,14,32,36,36,36,36,36,14,36,36,36,21,32,32,21,36,21,21,36,14,14,14,14,36,36,36,36,36,36,36,36,36,36,36,36,36,36,36,36,36,32,36,36,36,36,36,36,36,36,36,36,36,36,36,36,36,36,36,36,36	21,21,21,14,21,27,21,27	
CP001853	184590	1	.	.	G	0.977779	21	67	0	2	36,36,32,36,36,36,36,36,36,36,36,36,36,36,36,14,32,36,36,36,36,36,36,36,36,36,14,32,32,36,32,32,36,36,36,36,36,14,36,32,21,14,14,14,36,36,36,36,32,36,36,36,36,14,36,36,32,36,36,36,32,36,36,36,36,36,36,14,36,36,36,36,32,36,36,36,36,36,36,32,36,36,14,36,14,36,36,36	36,14	
CP001853	189042	0	A	A	C	0.868492	18	47	11	0	14,36,32,36,14,14,14,14,27,36,14,36,36,36,36,36,36,36,36,32,36,36,36,36,36,36,36,36,36,36,36,36,36,36,36,36,14,21,14,14,14,14,14,21,14,14,36,32,36,36,36,36,32,36,36,14,14,32,36,36,36,14,36,36,36	14,14,14,14,14,32,14,14,14,14,14	
CP001853	206454	0	A	A	C	0.834281	42	23	14	0	14,14,14,14,14,14,14,14,14,36,14,14,14,14,14,14,14,36,36,14,14,14,14,14,14,14,14,14,14,14,14,14,36,36,36,36,14,36,36,36,36,36,36,36,36,36,36,36,36,36,36,36,36,32,14,21,21,36,36,36,36,36,36,36,36	14,14,14,14,14,14,14,14,14,14,14,14,14,14	
CP001853	225501	0	A	A	G	0.91871	44	49	8	0	14,14,14,14,14,14,36,14,14,14,36,14,36,14,14,14,36,36,36,36,32,36,36,36,14,36,14,14,14,36,14,14,36,36,36,36,36,36,36,36,36,36,36,36,36,14,14,14,14,36,14,36,14,14,36,14,14,14,36,36,36,14,14,36,36,36,36,36,36,36,36,36,36,36,36,36,32,36,36,36,36,36,14,21,36,14,36,32,36,36,36,36,36	14,14,14,14,14,14,14,14	
CP001853	254257	0	C	C	G	0.508798	5	5	0	10	36,14,14,14,21,32,36,14,32,32	14,14,14,14,14,21,14,14,32,14	
CP001853	258239	0	T	T	G	0.863067	29	17	7	0	14,14,14,14,14,14,14,36,36,36,14,14,36,14,14,14,32,36,14,36,14,36,21,36,36,36,14,32,36,36,36,32,14,21,36,36,36,36,14,14,14,32,14,36,36,36	14,21,21,14,14,14,14	
CP001853	281241	0	T	C	G	0.998699	12	63	0	1	36,36,36,36,36,36,14,36,36,36,36,36,36,36,36,36,14,36,36,36,36,14,36,36,36,36,36,36,36,36,36,27,36,36,36,36,32,36,36,36,36,36,36,36,36,36,36,36,36,36,32,36,36,14,14,36,36,36,36,36,36,36,36,14,36,36,36,36,36,36,36,36,36,32,36	14	
CP001853	291590	1	.	.	C	0.909091	30	0	3	0	36,36,36,36,36,36,36,36,36,36,36,36,36,14,36,36,36,36,36,36,36,36,36,36,36,14,36,36,36,36	36,32,32	
CP001853	329482	0	C	C	G	0.799362	7	12	0	5	14,14,14,36,21,32,36,14,14,36,14,14,14,14,32,14,14,14,14	27,32,14,14,14	
CP001853	329487	0	C	C	G	0.810706	0	25	5	1	14,36,36,32,27,36,14,14,36,36,36,14,36,14,14,36,14,14,36,14,14,14,27,32,36	14,14,27,14,14,14	
CP001853	432102	0	T	T	G	0.68437	12	17	0	14	36,36,14,36,21,14,36,36,36,36,36,36,36,36,36,14,21,14,14,32,14,14,14,14,14,32,14,14,14	14,14,14,14,14,14,14,14,14,14,14,14,32,14	
CP001853	442618	0	A	A	C	0.866184	6	40	8	0	36,36,36,36,36,36,36,36,36,36,36,36,36,14,36,36,14,14,36,36,32,36,36,36,36,36,36,14,36,36,14,36,36,36,21,36,36,36,36,36,36,32,36,36,36,36	14,14,14,14,14,36,14,14	
CP001853	486937	0	A	A	C	0.771523	23	13	11	0	14,14,14,14,36,36,36,14,14,14,14,14,14,14,36,36,36,14,36,36,14,36,14,21,14,36,36,36,36,21,21,36,36,36,36,36	32,14,32,14,14,14,14,14,14,14,14	
CP001853	490477	0	T	T	G	0.888525	66	8	10	0	32,14,14,14,36,21,14,14,21,14,21,32,14,14,14,21,21,21,14,21,32,14,14,32,14,14,14,36,36,14,14,36,36,14,32,14,21,14,32,14,14,14,14,14,14,14,32,14,14,14,36,36,14,14,32,36,14,36,32,36,32,21,21,32,21,32,14,36,36,36,36,14,36,36	14,14,14,14,14,14,14,14,14,21	
CP001853	498303	0	T	T	G	0.939983	81	20	7	0	36,21,36,36,32,32,14,14,36,14,36,36,36,36,36,36,36,36,36,36,32,14,36,14,36,14,36,36,32,36,36,32,32,14,14,14,36,14,21,14,36,36,36,36,36,36,14,36,14,14,21,36,32,36,14,36,14,14,32,36,32,14,36,36,36,14,32,36,36,21,32,36,14,32,32,14,36,14,14,36,14,32,36,36,14,36,32,21,14,36,36,36,36,36,36,36,36,36,36,36,36	14,36,14,14,21,14,21	
CP001853	578519	0	T	T	G	0.913387	56	48	0	12	36,36,32,36,36,36,36,36,36,32,36,36,36,36,36,36,36,36,36,36,36,36,36,36,36,36,36,36,36,36,36,36,36,36,36,36,36,36,36,36,36,21,36,36,36,36,21,36,36,36,14,27,36,36,36,14,36,14,14,36,14,14,36,36,36,14,14,14,14,21,21,14,32,14,14,14,14,14,32,14,14,14,32,14,32,14,36,14,36,27,36,14,14,14,14,14,27,36,32,14,21,14,14,36	14,32,14,32,14,14,14,14,14,14,14,14	
CP001853	632560	0	G	G	C	0.783052	24	1	0	7	36,36,36,36,36,32,36,36,36,36,36,36,36,36,36,32,36,36,36,36,36,36,36,36,36	14,32,14,36,14,14,14	
CP001853	703447	0	T	T	G	0.857415	40	57	0	18	21,32,21,32,32,14,32,36,36,36,36,36,36,36,36,36,36,36,14,36,36,36,36,36,36,36,36,36,36,36,36,36,36,36,21,14,14,14,21,14,32,14,21,21,14,14,32,14,36,14,36,14,14,14,14,14,36,21,14,14,14,14,14,36,14,14,36,36,36,36,36,36,36,36,36,36,36,36,36,14,14,14,14,14,14,14,32,27,14,14,14,14,32,14,14,14,14	32,14,14,14,14,14,14,14,14,14,14,14,14,14,14,14,14,14	
CP001853	726628	0	C	C	G	0.87525	27	34	9	0	36,36,14,14,14,14,14,14,14,21,21,14,21,32,32,21,21,36,14,21,32,14,14,14,36,14,36,36,14,36,32,36,36,36,36,36,36,36,36,14,14,21,21,14,36,36,36,36,36,36,36,36,36,36,36,36,36,36,36,36,14	21,21,21,14,21,21,21,21,21	
CP001853	726629	0	T	T	G	0.765366	16	32	15	0	14,32,14,21,21,14,32,14,36,21,36,14,14,36,14,36,36,36,36,36,21,36,36,36,36,32,36,36,14,32,21,36,36,36,36,36,36,36,32,36,36,36,36,36,32,32,21,14	36,14,14,14,14,36,14,14,32,21,14,14,14,21,32	
CP001853	795837	0	T	T	G	0.918933	47	47	8	0	32,14,36,14,36,32,32,14,21,32,36,36,14,14,21,14,14,14,21,36,36,36,21,14,14,21,36,36,21,21,36,36,21,14,36,21,14,36,14,36,14,36,36,14,21,32,36,36,36,36,36,14,21,14,14,36,36,36,36,36,36,14,36,36,36,36,36,36,36,36,36,36,36,36,36,36,36,36,36,32,36,36,36,36,36,32,36,36,36,36,36,36,36,36	27,21,14,14,21,14,14,14	
CP001853	863197	0	G	G	C	0.817935	34	15	11	0	36,32,36,36,36,36,14,14,21,14,36,32,36,14,14,36,14,14,14,21,14,14,14,32,32,14,14,14,14,36,14,14,14,21,32,21,14,32,32,14,14,36,36,36,14,21,36,36,36	14,14,14,14,21,14,14,14,14,14,14	
CP001853	863200	0	A	A	C	0.805559	34	16	13	0	36,36,36,14,14,36,14,36,36,36,36,14,14,14,14,14,36,14,14,32,14,14,14,14,14,36,14,14,14,14,14,14,14,14,14,14,36,36,36,14,14,36,36,36,14,36,36,36,36,36	14,14,14,14,14,14,14,14,14,14,32,14,14	
CP001853	871233	0	G	G	.	0.809531	12	5	1	3	36,21,36,36,36,36,36,36,36,14,14,36,36,36,14,14,36	36,36,32,36	
CP001853	1061688	0	G	G	C	0.813689	19	7	0	6	14,14,36,36,36,32,36,36,36,36,36,36,14,36,14,36,36,36,36,36,14,14,36,14,14,14	14,14,14,14,32,14	
CP001853	1110876	0	G	G	C	0.818644	17	23	0	8	36,36,36,36,36,36,36,36,36,36,36,36,36,36,14,14,21,21,14,14,14,14,14,14,14,14,32,21,32,36,36,32,14,32,14,14,14,36,36,14	14,14,14,14,14,14,14,14	
CP001853	1125444	0	T	T	G	0.76604	15	11	9	0	14,21,36,14,14,14,14,14,14,14,36,21,36,36,36,36,14,36,14,36,14,14,21,14,14,14	14,14,14,14,14,14,14,14,14	
CP001853	1142189	0	T	T	A	0.843814	17	47	13	0	36,36,36,36,14,14,14,32,36,36,36,36,32,36,36,36,32,32,36,36,36,36,36,36,36,36,32,36,36,36,36,36,32,27,36,36,36,36,36,14,14,14,14,14,14,14,14,36,36,36,36,36,36,36,36,36,36,14,36,36,36,36,14,36	14,14,14,14,14,14,14,14,14,14,14,14,14	
CP001853	1142757	0	T	T	G	0.880763	41	18	9	0	36,14,14,32,36,36,14,14,14,14,14,14,14,14,14,14,36,21,14,14,14,36,36,14,14,36,36,14,32,14,14,36,32,14,14,14,14,32,36,32,36,36,14,36,36,14,36,36,36,36,36,36,36,36,36,36,36,36,36	14,14,14,14,14,14,14,14,14	
CP001853	1168441	0	G	G	T	0.941516	25	61	0	7	32,36,36,36,36,36,32,14,14,36,36,36,14,36,36,36,36,36,36,36,36,36,14,14,36,36,36,14,36,32,36,36,36,36,32,36,36,36,36,36,36,27,36,36,36,36,27,14,36,36,32,32,36,36,36,36,36,36,36,32,36,36,36,36,32,36,36,36,32,36,32,14,36,36,36,32,36,36,14,14,36,32,36,32,14,36	32,14,14,14,32,36,14	
CP001853	1259501	0	T	T	C	0.660755	27	10	11	8	36,36,32,36,36,36,36,36,36,36,36,36,36,36,36,36,36,36,36,36,36,36,36,36,32,36,36,36,32,36,36,36,36,36,36,36,36	36,36,36,36,36,36,36,36,36,36,36,36,36,36,36,36,36,36,36	
CP001853	1259861	0	T	T	C	0.789207	69	47	15	16	36,36,36,36,27,36,36,36,36,36,36,36,14,36,36,36,32,36,36,36,36,36,36,36,36,36,36,36,36,36,36,36,36,36,32,32,36,36,36,36,36,36,36,36,36,36,36,36,36,36,36,36,36,36,36,36,36,36,36,36,36,36,36,36,32,36,36,36,36,36,36,36,36,14,36,36,36,36,36,36,36,36,36,36,36,36,36,36,36,14,36,36,36,36,36,36,36,36,32,36,36,14,36,36,36,36,36,36,36,36,36,36,36,36,36,36	36,36,36,36,36,32,36,36,36,36,36,36,36,36,36,36,36,36,36,36,36,27,36,36,36,36,36,36,36,36,36	
CP001853	1260305	0	G	G	A	0.894828	25	60	3	7	36,36,36,36,36,32,36,36,36,36,36,36,36,36,36,36,36,36,36,36,36,36,36,36,32,36,36,32,36,36,36,36,36,36,32,32,36,36,36,36,36,36,36,36,36,21,36,36,36,36,36,36,36,36,36,36,36,36,36,36,36,36,36,36,36,36,36,36,36,36,36,36,36,14,36,36,36,36,36,14,36,36,36,36,21	36,36,36,36,36,21,36,36,36,36	
CP001853	1260324	0	C	C	T	0.891466	62	20	8	2	14,36,36,14,36,36,36,14,36,36,36,36,36,14,36,36,36,36,36,36,36,36,36,32,36,36,36,36,36,36,36,36,36,36,36,36,36,36,36,27,36,36,36,36,36,36,36,36,36,32,36,36,36,36,36,36,36,36,36,36,36,36,36,36,32,36,36,36,36,36,32,14,36,36,36,36,36,36,36,36,36,36	36,36,32,36,36,36,14,36,32,36	
CP001853	1260392	0	C	.	C	0.979167	21	26	1	0	36,36,36,36,36,36,36,36,36,36,36,36,36,36,36,36,36,36,36,36,36,36,36,14,36,36,36,21,36,36,36,36,36,36,36,36,36,36,36,36,36,36,14,36,36,36,36	32	
CP001853	1297149	0	C	C	A	0.903559	51	20	0	8	36,36,36,32,36,36,36,36,36,36,36,32,36,36,14,36,36,36,36,36,36,36,36,36,36,36,36,32,14,14,14,14,14,36,27,36,14,36,36,14,32,36,36,36,36,14,14,14,36,36,14,36,36,14,21,27,14,36,36,36,21,36,36,36,14,14,36,36,36,36,14	14,14,21,21,14,21,21,36	
CP001853	1297152	1	.	.	C	0.952384	38	22	0	3	36,36,36,36,36,36,36,36,36,36,36,36,14,36,14,14,14,36,14,14,14,32,36,14,36,36,36,36,36,36,36,36,14,14,36,36,14,14,32,14,14,32,14,32,32,14,36,36,36,36,36,36,36,36,14,36,36,14,36,14	14,14,14	
CP001853	1305547	0	T	C	T	0.520849	25	0	12	11	36,36,36,36,36,36,36,36,36,32,36,36,36,36,36,36,36,36,36,36,36,36,36,36,32	36,36,36,36,36,36,36,36,36,36,36,36,36,36,36,36,36,36,21,36,36,36,36	
CP001853	1305560	0	G	G	C	0.589891	15	21	25	0	36,36,36,36,32,36,14,36,36,36,36,32,36,36,36,36,36,36,36,36,36,36,36,36,36,32,36,36,36,36,36,36,36,36,36,14	36,36,36,36,36,36,36,36,36,36,36,36,36,36,36,36,36,36,36,36,36,36,36,27,36	
CP001853	1323612	0	G	G	C	0.916533	31	54	0	8	36,36,36,36,36,36,36,36,32,32,32,36,36,36,14,21,36,36,14,14,36,36,32,36,32,14,14,14,14,32,32,32,14,14,14,14,21,36,14,14,14,14,21,14,14,14,14,36,32,14,32,36,36,32,14,14,14,14,27,14,14,14,14,32,36,14,32,32,36,36,36,36,36,36,36,14,14,14,36,36,36,21,36,36,32	14,14,14,14,14,14,14,14	
CP001853	1422664	0	C	C	G	0.778473	22	1	0	7	14,36,36,36,36,36,32,36,36,36,36,36,36,32,36,32,36,27,36,36,36,36,36	14,14,36,32,14,14,14	
CP001853	1426091	0	C	C	G	0.860068	13	47	10	0	36,36,36,36,36,36,21,14,14,14,14,14,14,36,36,32,36,36,36,14,14,14,14,36,36,36,36,36,36,36,21,36,36,36,14,36,32,36,36,36,36,36,36,14,36,36,36,36,36,32,36,36,36,14,36,36,36,36,36,36	36,21,21,21,14,21,14,14,14,14	
CP001853	1426092	0	T	T	G	0.846768	14	44	11	0	36,14,14,21,14,36,36,36,36,36,36,14,21,14,14,14,36,36,36,36,36,36,36,14,21,36,32,36,36,36,36,14,36,36,36,36,36,36,36,36,36,36,36,36,36,36,36,36,36,36,36,36,36,36,14,36,36,36	14,14,14,14,14,14,14,14,14,14,32	
CP001853	1452969	0	C	C	G	0.784315	49	33	0	24	36,14,14,36,32,32,21,36,32,36,36,36,36,32,36,36,32,36,32,36,36,36,36,36,36,36,36,36,36,36,14,14,14,14,21,14,21,32,14,14,36,36,36,36,36,36,36,36,36,36,14,36,36,36,32,36,36,36,36,14,14,14,14,14,36,36,36,36,36,36,32,36,36,32,36,36,36,36,36,36,14,14	27,14,27,14,14,14,14,14,14,32,14,14,14,32,36,14,14,14,14,14,14,21,14,14	
CP001853	1493290	0	T	G	T	0.544266	6	0	4	1	14,14,14,14,14,14	36,14,14,14,32	
CP001853	1493532	0	C	.	C	0.799999	5	7	2	1	36,36,36,14,32,36,36,32,36,36,36,36	36,36,14	
CP001853	1517014	0	A	A	G	0.838779	49	29	2	13	36,36,36,36,36,36,36,36,36,36,36,36,36,36,32,36,36,36,36,36,36,36,36,36,36,36,36,36,32,14,36,14,36,36,36,36,36,36,36,14,36,36,36,36,36,36,36,36,36,36,36,36,36,36,36,36,36,36,36,21,36,36,36,36,36,36,36,36,36,36,36,36,36,36,36,32,36,36	36,36,36,36,36,36,36,36,36,36,36,36,36,36,36	
CP001853	1517016	0	A	A	G	0.838791	49	29	2	13	36,36,36,36,36,36,36,36,36,36,36,36,36,36,36,36,32,36,36,36,36,36,36,21,32,36,36,36,32,32,36,32,36,36,36,21,36,36,36,36,32,36,14,36,36,36,36,36,36,36,36,36,36,36,32,36,21,36,36,32,36,36,36,36,36,36,36,36,36,36,36,32,36,36,36,32,36,32	36,32,36,36,36,36,36,36,36,36,36,36,36,36,36	
CP001853	1528586	0	G	G	C	0.902372	35	73	0	12	36,14,36,36,36,36,36,36,36,36,36,36,32,36,36,36,36,36,36,36,36,36,36,32,14,14,32,14,14,36,14,14,14,36,14,36,36,36,36,36,36,14,14,14,14,14,32,14,27,32,32,32,32,32,14,14,14,14,14,32,14,14,14,14,32,14,14,32,32,14,32,36,36,14,36,14,36,36,36,36,14,14,14,14,14,14,14,14,14,36,36,36,36,14,14,14,14,36,14,14,14,36,36,14,14,27,36,36	14,14,14,14,14,14,14,14,14,14,14,14	
CP001853	1528588	0	C	C	A	0.928116	32	77	0	9	36,36,36,36,36,36,36,36,36,32,36,32,36,36,36,36,36,36,32,36,32,14,27,32,14,14,36,14,14,21,14,36,36,36,36,36,14,14,14,14,14,14,14,14,14,32,14,27,32,36,32,14,32,14,21,27,32,36,32,14,21,21,14,32,14,21,14,32,14,21,36,36,36,36,32,36,36,36,36,14,32,14,14,14,21,14,21,21,36,36,36,36,27,14,14,36,14,32,14,32,32,14,14,14,21,21,36,36,14	21,21,21,21,21,14,14,14,14	
CP001853	1528592	0	G	G	C	0.77404	26	57	0	26	36,36,36,36,36,36,32,36,36,36,36,36,21,21,14,14,14,21,14,14,36,36,36,36,36,14,14,14,14,14,14,14,14,14,32,14,32,14,14,27,14,14,14,14,14,14,14,36,36,36,36,21,36,36,36,36,32,14,14,14,14,14,36,36,36,36,14,32,14,14,14,14,14,14,21,14,36,36,21,14,14,14,21	14,14,32,14,14,14,14,14,14,14,14,14,14,14,14,14,14,14,14,21,14,14,14,14,14,14	
CP001853	1528594	0	A	A	C	0.848001	20	70	0	17	36,32,36,14,14,14,32,21,21,21,21,36,36,32,36,36,14,14,21,14,21,32,14,32,14,21,14,21,36,36,14,14,32,14,36,14,36,14,21,32,21,14,32,14,36,36,36,36,36,36,36,36,36,14,21,14,32,32,36,36,36,36,36,14,14,14,14,14,14,14,32,36,14,14,36,21,36,36,36,21,32,14,21,14,32,14,14,36,14,14	14,14,14,14,14,14,14,14,14,14,14,14,14,14,14,14,14	
CP001853	1534456	0	C	C	G	0.909733	53	25	8	0	36,32,36,36,36,32,14,14,36,36,14,14,14,36,36,36,36,14,21,14,36,14,36,36,36,32,36,36,36,21,21,14,36,36,36,36,21,14,14,14,14,21,36,21,27,14,36,14,32,14,32,14,14,32,32,36,36,14,14,32,32,36,14,32,21,36,21,32,36,36,36,36,36,36,36,32,36,36	14,14,21,14,32,14,14,21	
CP001853	1550867	0	C	C	G	0.920446	26	63	8	0	36,36,14,36,36,14,36,36,36,14,14,14,14,14,14,21,27,14,36,27,14,14,14,36,14,36,36,36,36,36,36,36,36,36,36,36,36,36,36,36,36,36,36,32,36,36,36,36,36,14,32,36,36,36,36,36,36,36,36,36,32,36,36,36,36,36,36,36,27,36,36,32,36,36,32,32,36,36,21,36,36,36,36,36,36,32,36,32,36	14,14,14,14,14,14,14,14	
CP001853	1561207	0	A	A	C	0.821824	22	20	10	0	21,36,14,32,14,14,14,14,14,14,14,14,14,32,14,36,14,14,36,36,32,14,36,32,36,21,14,36,36,36,14,36,36,14,14,14,14,36,36,21,14,36	14,14,14,14,14,14,14,14,14,32	
CP001853	1572105	0	T	T	G	0.80039	32	18	11	2	14,14,14,36,14,14,14,14,14,14,14,14,36,14,14,14,14,32,14,14,14,14,14,14,14,14,14,14,36,21,36,14,36,14,21,21,36,36,36,14,14,14,14,14,14,14,36,36,14,14	14,14,14,14,14,14,14,14,14,14,14,14,14	
CP001853	1612348	1	.	.	C	0.969697	40	24	2	0	36,32,36,36,36,36,36,36,36,36,36,36,36,36,36,36,32,36,36,36,36,36,32,36,36,36,36,36,36,36,36,36,32,36,36,36,36,36,32,36,36,36,36,36,36,36,36,36,36,36,36,36,36,36,36,14,36,36,36,36,36,36,36,36	32,36	
CP001853	1654222	0	T	T	A	0.928497	43	34	0	6	36,36,36,32,36,36,36,36,36,36,21,14,36,36,14,36,36,36,36,36,14,36,14,14,14,14,14,14,14,36,32,14,21,14,21,21,36,14,36,36,36,36,36,36,36,36,36,36,36,36,36,36,36,36,36,36,36,36,36,36,36,36,14,36,36,32,14,14,36,14,32,36,21,36,14,14,36	14,14,21,14,14,14	
CP001853	1722697	0	T	T	G	0.723488	13	28	16	0	14,14,14,14,14,14,36,14,36,14,14,36,32,14,36,36,14,14,36,36,14,14,32,36,32,32,36,36,36,36,36,14,32,36,21,36,32,36,14,36,14	14,14,14,14,14,14,14,14,14,14,14,14,14,14,14,14	
CP001853	1722701	0	C	C	G	0.89485	5	49	7	0	14,14,36,36,36,36,14,36,36,36,14,14,14,36,36,36,36,36,36,36,36,36,36,36,36,36,36,36,36,36,36,36,32,36,36,36,36,36,36,36,36,36,36,36,36,36,36,36,36,36,36,36,36,36	14,14,14,14,14,14,14	
CP001853	1724069	0	C	C	G	0.834157	25	16	9	0	32,36,14,21,14,36,36,14,14,14,14,14,14,32,14,14,14,14,14,21,36,36,14,36,36,36,36,36,36,36,14,36,36,36,36,36,32,36,36,36,14	14,14,14,32,14,14,14,14,14	
CP001853	1744010	0	A	A	C	0.865236	44	23	12	0	14,36,36,36,14,14,14,14,14,36,14,32,32,32,36,36,14,27,14,14,14,21,21,14,36,36,32,14,32,14,36,36,14,36,14,21,14,14,32,36,14,36,14,36,36,32,36,36,21,21,36,14,14,36,32,36,32,14,21,14,14,32,36,36,36,36,36	14,14,14,14,14,14,14,14,14,14,14,32	
CP001853	1783833	0	C	C	G	0.896953	42	21	8	0	36,36,36,14,14,14,36,36,36,36,36,36,36,14,36,14,14,36,36,14,14,36,36,14,36,36,36,14,32,36,36,36,36,36,36,32,32,36,36,36,36,32,32,32,36,36,14,36,36,36,32,36,32,36,36,36,21,14,14,36,36,36,36	14,14,14,14,14,14,14,14	
CP001853	1793342	0	G	G	C	0.843623	13	35	10	0	14,14,14,36,14,14,14,14,36,36,36,36,14,21,14,36,36,36,36,36,36,36,36,36,36,36,14,14,36,36,14,14,36,36,36,36,36,36,36,36,36,36,36,36,36,14,36,36	14,14,14,14,14,14,32,14,14,14	
CP001853	1801689	0	A	A	C	0.921527	78	53	14	0	14,14,14,14,14,14,36,36,36,36,36,36,36,32,36,36,36,36,14,32,14,14,14,14,14,14,14,32,14,36,14,36,14,14,32,36,36,36,36,36,14,14,14,36,14,14,32,14,36,36,36,36,36,14,14,36,14,14,14,14,14,36,14,14,36,36,36,14,14,14,14,32,14,36,14,36,36,36,36,14,14,36,36,14,36,36,36,36,36,36,36,36,32,14,14,36,36,36,36,36,36,36,32,36,14,36,36,36,32,36,14,14,36,36,36,32,14,36,14,36,36,36,14,36,36,36,36,36,36,36,36	36,14,14,14,14,14,14,14,14,14,14,14,32,14	
CP001853	1844612	0	T	T	G	0.633026	7	5	7	0	14,14,14,14,14,14,14,32,14,32,36,32	14,14,14,14,14,14,14	
CP001853	1856669	0	A	A	C	0.648387	17	10	15	0	14,14,14,14,14,14,36,14,14,14,14,14,14,14,36,36,32,14,14,14,14,32,36,36,36,36,36	14,14,14,14,14,14,14,14,14,14,14,14,14,14,21	
CP001853	1860151	1	.	.	G	0.930555	3	64	5	0	36,14,36,36,36,36,36,36,36,36,32,32,36,36,36,36,32,36,36,32,36,36,36,36,36,36,36,36,36,36,36,36,36,36,36,36,32,36,36,36,14,36,36,36,36,14,36,36,36,36,14,32,36,36,36,36,36,32,36,36,36,36,14,21,36,14,36	36,36,36,36,36	
CP001853	1860157	0	A	A	C	0.918059	1	55	5	0	36,36,36,36,36,36,36,36,36,36,36,36,36,36,36,36,36,36,36,36,36,36,36,36,36,36,36,36,36,14,14,36,36,36,14,36,36,36,21,36,36,36,36,36,36,32,36,14,36,36,36,36,14,14,36,14	36,32,36,36,32	
CP001853	1864812	0	C	C	G	0.852269	25	59	0	16	36,36,36,36,14,32,36,36,36,36,36,36,21,36,36,36,36,36,36,36,14,36,14,32,36,14,21,14,14,14,36,14,32,14,21,14,14,14,21,36,14,14,36,14,14,21,14,14,36,32,36,14,32,36,36,36,21,36,36,36,36,14,36,36,14,21,14,36,14,36,14,21,14,32,21,14,14,27,32,14,36,36,36,36	14,14,14,14,21,14,14,14,14,14,36,14,14,14,14,14	
CP001853	1882289	1	.	.	G	0.944444	2	32	2	0	36,36,36,36,36,32,36,36,36,36,36,14,36,36,36,36,36,32,36,36,36,36,36,36,27,36,36,36,14,36,36,14,14,14	36,36	
CP001853	1905686	0	G	G	C	0.589239	9	1	0	7	36,32,36,36,36,36,36,14,36,36	14,14,14,14,14,14,14	
