seq_id	position	insert_position	reference_base	major_base	minor_base	major_frequency	major_top_strand	major_bot_strand	minor_top_strand	minor_bot_strand	major_quals	minor_quals	
CP001853	11991	0	G	G	T	0.749729	18	21	0	15	36,36,36,36,14,14,36,21,14,36,21,14,36,36,21,14,14,14,21,36,36,36,32,21,36,21,36,32,14,36,36,14,14,14,14,14,14,14,14	14,14,14,14,14,21,21,14,14,14,14,14,14,14,14	
CP001853	18874	0	T	T	G	0.910358	71	32	11	0	14,36,36,32,14,14,14,14,27,14,36,14,14,14,14,14,36,36,14,14,36,36,36,36,36,36,36,21,36,36,36,14,14,32,32,14,14,14,36,14,32,36,36,36,36,36,36,32,36,36,36,36,36,36,14,36,36,21,14,14,36,14,14,14,32,36,36,21,36,36,36,36,32,36,21,32,36,36,21,36,36,14,36,36,36,21,36,32,36,32,21,14,14,14,36,36,36,36,36,14,21,21,14	14,14,14,14,27,14,14,14,21,14,14	
CP001853	19277	0	G	G	T	0.9216	62	80	13	0	14,14,14,14,32,36,36,36,14,32,36,36,14,14,14,32,21,21,14,32,14,36,36,36,36,36,14,32,14,14,14,14,36,36,14,14,14,36,32,36,36,36,14,14,14,14,21,14,21,14,14,36,36,36,36,36,36,36,36,36,36,36,36,36,36,36,36,36,36,36,36,36,36,36,36,36,36,36,36,36,36,36,36,36,36,36,36,14,36,32,32,21,21,36,36,21,27,32,36,36,36,36,36,36,36,36,36,36,14,21,32,21,36,21,21,14,14,21,21,36,36,36,36,36,36,36,14,36,36,36,36,36,36,14,36,36,36,36,32,14,21,36	14,14,14,36,14,14,14,14,14,21,14,14,21	
CP001853	31971	0	A	A	C	0.808842	27	58	21	0	36,14,36,36,36,36,36,36,36,36,36,36,36,36,14,36,36,36,36,36,36,36,36,36,36,36,36,36,32,36,36,14,14,36,36,36,36,36,36,14,14,36,36,36,36,36,36,36,14,14,14,14,14,32,14,36,14,32,14,14,14,14,14,36,36,32,36,36,36,36,36,36,36,14,36,36,36,36,14,14,36,36,36,32,36	14,14,14,14,14,14,14,14,14,14,14,14,14,14,32,14,14,14,14,14,14	
CP001853	44832	0	T	T	G	0.890306	48	35	11	0	36,36,36,36,36,36,36,14,14,36,14,14,14,36,14,36,14,36,14,14,14,36,36,36,36,14,14,14,21,14,32,36,21,36,36,21,21,36,36,36,36,36,36,36,36,36,36,14,21,32,21,14,36,36,36,14,32,21,21,14,21,36,36,21,36,36,36,21,32,36,36,21,32,32,21,36,14,36,21,36,36,36,36	14,14,14,14,14,14,14,14,14,14,14	
CP001853	67137	0	G	G	T	0.868345	36	46	13	0	14,14,21,32,27,14,14,14,14,14,36,14,36,36,36,32,36,27,36,36,36,36,36,36,36,36,36,36,36,36,36,32,36,32,14,21,27,14,21,36,36,36,36,32,36,14,36,36,36,36,36,36,36,36,36,14,36,36,36,36,36,36,36,36,36,36,36,36,36,36,36,36,36,36,36,36,36,36,36,36,36,36	14,14,14,14,14,27,21,14,21,14,14,21,14	
CP001853	68365	0	A	A	C	0.867368	86	50	23	0	36,36,36,36,36,36,36,36,14,14,32,36,36,14,36,14,14,36,36,36,36,36,36,36,36,36,36,14,36,36,32,14,32,14,14,36,21,21,14,14,14,14,14,32,14,32,14,14,14,14,14,21,21,32,14,21,14,14,14,32,14,36,27,14,27,32,14,14,32,14,14,32,36,21,14,27,14,32,14,36,32,14,32,14,14,14,27,32,14,36,14,21,14,14,14,14,32,32,14,36,36,36,36,36,36,36,36,36,36,21,36,36,14,32,32,21,36,32,36,36,36,36,36,36,36,36,36,36,14,36,36,36,32,36,36,36	14,14,14,14,14,14,14,14,14,14,14,14,14,14,32,14,32,21,14,14,14,14,14	
CP001853	102653	0	T	T	A	0.916442	48	17	0	6	36,36,36,36,36,36,32,36,36,36,14,36,36,36,36,36,36,36,36,36,21,36,36,36,36,36,36,36,36,36,36,36,36,36,36,36,36,36,36,14,36,36,36,36,36,36,36,14,21,14,14,36,14,36,36,36,14,14,14,14,14,14,14,14,14	14,14,14,14,14,14	
CP001853	102655	0	A	A	C	0.831566	38	19	0	12	36,36,32,14,36,21,36,36,36,14,36,36,36,36,36,36,36,36,14,21,21,36,36,36,36,36,36,14,32,36,36,36,36,36,36,36,14,14,36,32,36,14,14,14,36,14,14,14,14,36,14,14,14,14,14,14,14	14,14,14,14,14,14,14,14,14,32,14,14	
CP001853	102657	0	G	G	C	0.912526	38	42	0	8	36,36,36,14,36,36,36,36,36,27,36,36,36,32,36,36,36,14,36,14,21,36,36,36,36,36,36,36,14,36,36,32,14,36,36,36,21,21,14,14,36,14,21,36,36,27,32,14,14,32,21,14,14,21,21,14,14,14,14,14,14,14,32,21,14,36,32,14,36,32,14,14,21,32,14,32,36,36,21,32	14,14,14,14,21,27,21,14	
CP001853	110776	0	T	T	G	0.939228	1	58	4	0	36,36,36,36,36,36,36,36,36,36,36,36,36,36,21,36,36,36,36,36,36,14,36,36,36,36,36,36,36,36,32,36,36,36,36,14,36,36,36,21,36,36,32,36,36,36,14,14,36,36,36,36,36,36,32,36,36,36,36	14,36,36,21	
CP001853	128042	0	A	A	C	0.669656	13	6	10	0	36,36,36,14,14,14,14,14,14,14,14,14,14,14,36,14,21,36,36	27,14,14,14,14,14,14,14,14,14	
CP001853	163603	0	T	T	G	0.861023	54	28	14	0	14,32,14,36,14,36,36,36,14,21,14,36,14,14,36,14,36,14,14,14,14,32,14,14,14,14,14,14,14,14,21,21,21,36,36,14,14,14,14,14,14,14,14,36,14,36,36,36,21,36,36,32,14,14,36,21,14,36,32,36,32,36,36,36,36,36,36,36,36,36,36,36,36,14,32,14,36,36,36,36,36,36	14,14,14,14,14,14,14,14,14,14,14,14,14,14	
CP001853	163607	0	C	C	G	0.749185	34	28	19	0	14,14,14,36,36,36,14,21,14,14,14,14,14,14,21,14,21,14,14,14,14,14,14,14,21,14,36,36,36,21,36,21,14,21,14,14,21,14,21,36,36,36,36,36,36,36,36,36,36,36,36,21,36,36,21,36,36,36,36,36,36,36	14,14,14,14,14,14,14,14,14,14,14,14,14,14,14,14,14,14,14	
CP001853	173315	0	G	G	C	0.940603	17	93	8	0	36,36,14,14,36,36,36,36,36,36,36,36,36,14,36,14,14,36,21,27,36,36,36,32,36,36,36,36,36,36,36,27,36,36,32,36,36,36,36,36,36,36,36,32,36,36,36,36,36,36,36,36,32,36,36,36,36,36,14,14,32,36,36,14,36,36,36,36,36,36,27,27,36,36,27,36,32,36,36,36,36,32,36,36,36,36,36,36,36,36,36,36,36,36,36,36,36,36,36,36,32,36,36,36,32,36,36,32,36,36	14,14,14,32,27,32,14,14	
CP001853	177891	0	G	G	T	0.874229	13	48	9	0	36,36,36,36,36,36,14,36,36,14,14,32,14,14,36,36,36,36,32,36,14,36,36,36,36,36,36,36,14,21,36,14,36,36,36,36,36,36,36,36,14,32,36,36,36,21,36,36,32,36,14,36,36,36,36,36,36,36,36,36,36	14,21,14,14,21,21,21,21,21	
CP001853	206454	0	A	A	C	0.791806	38	22	17	0	14,14,14,14,14,14,14,14,14,14,14,14,14,14,14,14,32,14,14,14,14,36,36,36,36,14,14,14,14,14,14,32,14,36,36,14,36,36,36,36,36,36,36,14,14,36,14,36,36,36,14,32,21,21,36,36,36,36,36,36	14,14,14,14,14,14,14,14,14,14,14,14,14,14,14,14,14	
CP001853	230440	0	A	A	C	0.747472	15	14	0	11	36,36,36,21,21,14,14,36,32,14,14,32,14,14,36,36,36,36,36,14,14,14,14,36,32,36,36,36,14	14,14,14,14,14,14,14,14,14,14,14	
CP001853	283516	0	A	A	C	0.855869	51	11	0	11	36,14,14,36,36,36,36,36,36,14,21,36,36,36,36,36,14,36,36,32,36,36,14,36,36,36,36,36,36,14,14,36,32,36,36,36,14,14,14,14,36,36,36,36,36,32,32,36,36,14,14,36,36,14,36,32,36,14,14,14,14,14	14,14,14,14,14,14,14,14,14,14,14	
CP001853	290761	0	T	T	G	0.878679	29	33	9	0	32,36,14,14,32,36,14,14,14,14,14,14,32,32,36,36,36,36,36,36,36,36,36,36,14,14,14,21,14,14,14,14,36,21,36,36,36,36,36,32,14,36,21,21,14,36,21,21,36,36,36,36,36,36,36,36,36,36,21,14,32,36	14,21,14,14,14,14,14,21,21	
CP001853	290769	0	A	A	T	0.884698	24	37	8	0	14,14,36,14,14,36,36,36,36,36,36,36,36,36,36,32,14,21,14,21,14,21,21,32,14,36,14,36,36,36,36,36,36,14,32,36,14,14,36,32,36,36,36,36,36,36,36,36,36,36,36,36,36,14,36,14,36,32,36,36,36	14,14,21,14,21,14,21,14	
CP001853	291590	1	.	.	C	0.945947	34	1	2	0	36,32,36,32,32,36,36,36,36,36,36,36,36,36,36,27,36,36,36,14,36,32,36,36,36,36,36,36,36,14,36,36,36,32,36	36,14	
CP001853	294614	0	C	C	G	0.860096	37	5	7	0	14,14,32,14,14,14,14,14,36,36,21,14,36,14,14,14,21,14,14,14,36,36,14,21,14,36,36,32,21,21,21,14,32,14,21,14,32,36,14,32,14,14	14,21,21,21,32,14,21	
CP001853	294615	0	T	T	G	0.68627	25	3	13	0	21,36,14,14,14,14,21,14,32,14,14,36,36,14,14,21,21,21,14,14,14,14,14,21,32,14,32,14	14,14,21,14,21,14,14,14,14,14,14,21,14	
CP001853	294620	0	C	C	G	0.865047	39	5	7	0	14,36,14,14,14,14,27,14,14,36,21,14,36,36,14,21,14,14,21,14,32,14,21,14,14,14,14,14,14,14,36,36,36,36,36,36,36,36,36,36,14,36,36,36	14,14,14,14,14,14,21	
CP001853	320729	0	T	T	A	0.915347	42	33	0	7	36,36,32,21,36,14,36,36,36,36,36,36,36,36,36,36,36,36,36,36,36,36,36,14,14,36,21,36,36,36,36,36,36,14,14,14,14,36,36,36,14,36,36,14,14,14,14,14,36,36,36,36,36,36,32,36,36,36,36,36,36,36,14,14,32,14,21,14,14,14,36,36,36,14,32	14,14,14,14,14,14,14	
CP001853	328086	0	C	C	G	0.866546	37	19	8	1	36,21,14,14,14,14,14,32,14,21,14,36,32,14,36,21,14,32,21,21,21,14,14,14,14,21,36,36,32,21,36,14,14,36,36,21,14,36,36,36,36,36,36,36,36,36,36,36,36,27,32,36,36,36,36,36	21,14,21,14,14,21,14,14,14	
CP001853	328408	0	C	C	G	0.838481	12	35	10	0	14,36,36,36,36,36,36,36,36,36,36,36,21,14,14,36,36,36,36,36,14,14,14,36,36,36,14,36,36,36,36,36,36,36,36,36,36,36,36,36,36,36,14,14,36,36,36	14,14,14,14,14,14,14,14,14,14	
CP001853	368367	0	A	A	C	0.884147	16	105	0	17	14,36,36,14,14,14,14,32,36,14,14,14,32,32,14,14,14,14,14,14,36,36,36,36,21,36,36,32,36,36,36,14,14,36,36,36,14,14,14,14,36,14,14,14,14,32,14,32,36,21,14,32,32,14,14,14,14,14,14,14,14,14,36,32,14,14,14,14,36,36,14,14,36,14,14,14,36,14,36,32,14,36,32,14,14,36,14,14,14,36,14,36,14,14,32,14,36,32,14,14,14,32,14,14,32,14,14,32,14,36,32,36,32,36,14,14,14,14,32,14,36	14,14,14,14,14,14,14,14,14,14,14,14,14,14,14,14,14	
CP001853	401756	0	A	A	C	0.896865	21	60	0	10	32,36,36,36,36,36,14,36,36,36,36,36,21,14,14,32,36,36,36,36,36,36,36,36,36,21,14,21,21,32,21,14,14,14,14,21,14,32,14,21,21,14,14,14,14,27,14,36,32,14,32,14,14,14,14,14,32,14,14,21,14,32,36,14,36,14,14,36,21,14,14,21,14,14,14,14,36,14,14,14,36	21,14,14,14,14,14,14,14,14,14	
CP001853	432102	0	T	T	G	0.50629	7	7	0	14	36,36,32,36,32,36,36,14,36,14,32,14,14,14	14,14,14,14,14,14,14,14,14,14,14,14,14,14	
CP001853	462649	0	G	G	C	0.896522	27	49	0	9	36,36,36,36,36,36,36,32,36,36,14,36,36,36,36,36,36,36,36,36,36,36,14,36,36,14,36,36,36,36,36,36,36,36,14,14,14,14,32,14,32,14,14,14,27,14,14,14,36,36,14,36,14,14,36,36,32,27,14,14,14,14,14,32,14,14,14,36,14,14,14,21,32,36,14,14	14,14,14,14,14,14,14,14,32	
CP001853	474943	0	T	T	G	0.681793	19	24	0	21	36,36,14,32,36,21,14,14,36,32,36,32,36,36,36,36,14,36,36,36,36,21,14,36,36,21,14,14,14,14,14,14,14,14,36,32,14,36,36,36,36,14,36	14,14,14,14,14,27,14,14,14,14,14,14,14,14,14,36,14,14,14,14,14	
CP001853	553528	0	C	C	G	0.885971	22	27	7	0	36,14,36,21,14,36,36,21,21,32,14,21,21,21,14,21,21,21,14,14,14,21,21,14,14,21,14,36,36,36,36,14,14,36,36,36,36,36,36,36,36,36,36,36,36,36,36,36,36	14,14,14,14,14,14,21	
CP001853	563008	0	C	C	A	0.842004	14	17	0	6	36,36,36,36,36,36,36,36,14,36,27,14,32,21,32,32,14,36,36,36,36,36,14,14,36,36,36,36,36,36,36	14,14,36,21,14,14	
CP001853	564133	0	A	A	C	0.910266	12	17	3	0	27,14,14,36,36,36,36,36,36,36,14,14,36,14,36,14,14,32,14,21,14,36,32,36,36,32,36,14,14	14,36,36	
CP001853	632560	0	G	G	C	0.847798	17	5	0	4	36,36,36,36,36,36,36,36,36,36,36,36,36,36,36,36,36,14,14,14,14,14	14,14,14,36	
CP001853	703454	0	G	G	T	0.824158	24	36	0	15	36,14,32,36,36,36,36,36,36,36,32,36,32,32,36,14,21,36,21,36,36,36,36,36,36,32,14,14,14,36,21,14,36,36,36,36,36,36,14,21,14,14,14,14,36,21,14,36,14,36,36,14,14,14,36,36,36,14,14,32	21,14,14,14,14,21,14,14,14,14,14,14,32,14,14	
CP001853	726629	0	T	T	G	0.829859	26	26	11	0	14,21,21,21,14,14,14,14,14,21,32,21,21,21,14,14,36,14,32,36,32,36,36,36,14,36,36,36,36,36,21,21,21,21,21,14,32,21,36,36,36,36,36,36,36,36,32,36,36,21,36,14	14,21,14,14,14,21,14,21,21,14,14	
CP001853	726635	0	C	C	G	0.825411	23	29	11	0	32,14,14,14,14,14,14,14,14,14,14,14,14,32,14,36,36,36,36,36,36,36,36,36,36,36,36,14,21,14,14,14,14,36,36,36,36,36,36,36,36,36,36,36,32,36,32,36,36,36,36,36	14,14,14,14,14,14,14,14,14,14,21	
CP001853	809959	0	C	C	G	0.745036	1	13	0	5	36,36,36,36,32,32,14,14,32,14,14,21,14,21	14,14,32,14,32	
CP001853	863200	0	A	A	C	0.759542	24	27	17	0	14,36,36,36,36,36,14,36,36,36,36,36,36,14,14,14,14,14,14,14,14,14,14,14,14,14,14,36,14,14,14,14,14,14,14,14,36,36,36,36,14,36,36,36,36,36,36,36,36,36,36	14,14,14,14,27,32,14,14,14,14,32,14,14,14,14,14,14	
CP001853	866727	0	C	C	G	0.898141	27	29	7	0	36,36,36,36,21,36,14,14,14,36,36,14,14,14,14,14,14,14,14,36,36,21,36,36,36,36,36,36,36,32,36,36,36,36,36,36,36,36,21,14,36,36,14,21,14,21,14,14,14,14,14,36,36,14,32,36	14,14,14,14,14,14,14	
CP001853	871233	0	G	G	.	0.884622	15	8	1	2	36,36,36,32,36,32,36,14,36,36,36,14,36,36,36,36,36,36,36,14,36,36,32	36,36,36	
CP001853	872789	0	A	A	C	0.83434	34	19	0	11	36,36,36,36,36,36,36,36,36,36,36,36,36,36,36,36,36,36,36,36,36,36,36,36,36,36,36,36,36,36,36,36,36,14,21,14,14,14,21,14,14,14,36,21,14,14,21,14,36,21,14,36,14	14,14,14,21,14,14,14,14,14,14,14	
CP001853	900198	0	C	C	.	0.943403	21	29	3	0	36,36,36,32,36,32,36,36,36,36,36,36,36,36,36,36,36,36,36,36,36,36,36,36,36,36,36,36,36,36,32,36,36,36,36,36,36,36,36,32,32,36,36,36,36,36,36,36,36,36	36,36,32	
CP001853	935154	0	G	G	T	0.853151	38	24	0	12	36,36,36,36,14,36,36,36,36,36,36,36,36,36,36,36,36,27,36,36,36,36,27,36,36,36,36,36,36,36,36,36,36,36,36,36,36,36,36,36,36,36,36,36,32,36,36,36,36,14,21,21,36,36,36,36,36,14,21,14,32,36	14,36,21,21,21,21,14,14,14,14,21,21	
CP001853	987138	0	A	A	C	0.804947	21	24	12	0	14,36,36,36,36,36,36,14,36,36,36,36,36,14,14,36,36,36,36,14,14,32,36,14,32,36,14,36,14,14,14,14,14,32,32,36,36,36,36,14,36,36,36,36,36	14,14,14,14,14,14,14,14,14,14,14,14	
CP001853	1056077	1	.	G	.	0.937507	7	8	0	1	32,36,36,36,32,36,36,32,36,36,36,36,36,36,36	36	
CP001853	1061685	0	G	G	C	0.81854	26	11	0	8	36,32,32,36,36,36,36,36,36,36,36,36,32,36,36,32,36,36,36,36,36,36,36,14,36,36,36,14,14,36,36,14,14,32,14,14,14	14,14,14,14,14,14,14,14	
CP001853	1061688	0	G	G	C	0.772924	25	9	1	10	36,21,36,36,32,36,21,36,36,14,36,32,36,36,36,36,14,36,36,36,36,36,36,36,36,36,14,14,32,36,14,14,14,14	21,14,14,14,14,14,14,14,14,14,14	
CP001853	1108598	0	A	A	C	0.770431	11	15	0	8	36,36,36,36,32,36,14,14,36,32,14,14,14,32,36,36,14,14,32,14,14,14,14,14,14,21	14,14,14,14,14,14,14,14	
CP001853	1108601	0	C	C	G	0.751132	9	14	0	8	36,36,36,14,14,14,36,36,36,14,14,36,32,14,14,14,36,14,14,14,14,14,14	27,14,14,14,14,14,14,14	
CP001853	1110876	0	G	G	C	0.847296	13	36	0	9	36,36,36,36,32,14,36,36,36,32,36,36,36,36,36,36,36,36,36,36,32,14,36,36,36,21,14,14,14,14,14,14,14,14,14,36,36,36,14,14,14,14,36,14,14,32,14,14,14	14,21,14,14,14,14,14,14,14	
CP001853	1111929	0	G	G	C	0.843112	9	28	0	7	36,36,36,36,36,14,32,36,36,36,36,36,14,14,14,14,14,27,14,14,14,14,27,14,14,14,36,32,14,32,14,36,36,14,14,32,36	14,14,14,21,14,14,14	
CP001853	1123693	0	T	T	G	0.79182	17	16	9	0	21,14,14,14,14,14,36,36,36,14,36,36,36,36,36,36,36,36,36,36,36,36,21,14,36,14,14,21,32,14,14,14,14	14,14,14,14,14,14,14,14,14	
CP001853	1136282	0	A	A	C	0.879508	30	49	12	0	36,36,36,36,14,14,36,36,36,36,36,36,36,36,32,36,36,36,36,36,36,36,36,36,36,36,36,36,36,36,36,36,36,36,36,14,14,14,14,32,14,14,14,14,14,14,21,14,36,36,36,36,36,36,36,14,36,36,36,21,14,14,14,14,32,14,36,21,36,36,36,32,32,36,36,32,36,36,32	14,14,14,14,14,36,21,14,36,14,21,21	
CP001853	1141984	0	C	C	T	0.946762	69	21	4	1	36,36,36,36,36,36,36,32,36,36,36,36,36,36,36,36,14,36,36,36,36,36,36,36,36,36,36,36,36,36,36,36,32,36,36,36,36,14,36,36,36,36,32,36,36,36,36,32,36,36,36,36,36,36,36,36,36,36,36,36,36,36,36,36,36,36,36,32,36,36,36,36,36,36,36,36,36,36,36,36,36,36,36,36,36,36,36,36,36,36	36,36,36,36,36	
CP001853	1142757	0	T	T	G	0.835812	43	15	11	0	32,36,14,14,14,14,14,14,14,14,14,14,14,36,14,14,14,14,14,14,14,14,36,14,36,14,14,14,14,14,36,14,14,14,14,36,36,36,27,36,36,36,36,14,36,32,36,36,36,36,36,36,36,36,36,36,36,36	14,14,14,14,14,14,14,14,14,14,14	
CP001853	1188442	0	T	T	G	0.83684	27	27	11	0	14,14,14,14,14,14,14,14,14,36,36,14,14,14,14,14,14,14,14,14,14,14,21,14,36,36,36,36,36,36,21,36,36,14,14,36,36,21,36,36,36,36,36,36,32,36,36,36,36,14,32,32,36,36	14,14,14,14,21,14,14,14,14,14,14	
CP001853	1228285	0	C	C	A	0.712534	4	12	7	0	36,36,14,36,36,14,14,36,36,36,36,36,32,36,36,36	14,14,14,36,14,14,14	
CP001853	1239151	0	T	T	G	0.88837	29	39	9	0	14,36,32,14,14,14,36,32,14,14,14,14,36,14,14,14,36,14,32,36,36,36,36,36,36,14,14,14,14,36,14,14,36,36,36,36,36,36,32,36,21,36,36,32,36,14,36,36,36,32,14,32,36,14,36,36,36,36,36,14,36,36,21,36,32,36,21,36	14,14,36,14,14,14,32,14,14	
CP001853	1285270	0	T	T	A	0.702368	2	16	7	0	32,36,36,36,36,36,14,36,36,36,36,36,14,32,32,32,14,36	14,14,14,14,14,14,14	
CP001853	1297149	0	C	C	A	0.879136	45	17	0	9	36,32,36,36,36,36,14,21,36,36,36,36,36,36,36,36,32,36,36,36,36,14,36,36,36,36,36,36,36,36,36,36,36,36,14,36,14,14,14,36,36,36,32,32,32,36,14,14,14,36,36,27,36,36,36,36,21,14,21,21,14,36	14,14,14,14,21,14,21,14,14	
CP001853	1305547	0	T	C	T	0.611132	22	0	8	6	36,36,36,36,36,36,36,36,36,36,36,36,36,36,36,36,36,36,36,36,32,36	36,36,36,36,36,32,36,36,36,36,36,36,36,36	
CP001853	1305560	0	G	G	C	0.541679	15	11	22	0	36,36,36,36,32,36,36,36,36,36,36,36,36,36,36,36,36,36,36,36,36,36,36,36,36,36	36,36,36,36,36,36,36,36,32,36,36,36,36,27,36,36,36,36,36,36,36,36	
CP001853	1309446	1	.	.	C	0.962966	51	1	0	2	32,36,14,36,36,36,36,36,14,14,14,36,36,36,36,32,36,36,14,32,36,36,32,36,36,36,36,36,36,36,36,36,36,36,36,36,36,36,36,36,36,36,36,36,36,36,36,36,36,36,36,32	14,14	
CP001853	1323612	0	G	G	C	0.895408	29	54	0	10	36,36,32,32,36,36,36,36,36,36,14,36,36,36,36,14,14,21,14,14,14,36,36,14,14,14,14,14,14,32,14,14,36,14,27,32,32,36,14,14,14,14,14,14,14,36,14,14,14,27,14,14,36,14,14,27,14,27,14,32,14,32,14,36,14,36,36,14,14,36,36,36,36,36,36,36,36,36,36,36,27,14,27	14,14,14,14,14,14,21,14,14,14	
CP001853	1381877	0	G	G	C	0.810212	31	9	0	10	36,36,36,36,36,36,36,36,36,36,36,36,36,36,32,21,32,14,14,36,36,14,14,14,14,36,36,36,36,36,14,36,36,36,36,36,36,32,36,36	14,21,14,14,14,14,14,14,14,14	
CP001853	1401257	0	T	T	G	0.855933	25	43	12	0	36,36,14,36,14,14,36,36,14,36,36,36,36,14,14,14,14,14,32,36,21,36,14,14,14,14,14,21,36,36,36,21,21,21,36,14,21,32,36,36,36,36,36,36,36,36,36,36,36,36,36,36,36,32,36,36,32,36,36,36,36,36,32,36,36,36,36,36	14,14,14,14,21,14,14,14,36,14,21,14	
CP001853	1401259	0	C	C	G	0.855597	24	46	11	0	14,14,14,14,14,14,36,36,14,36,36,36,36,14,14,27,14,14,21,14,14,14,14,21,14,36,36,36,21,14,21,36,14,36,36,36,36,36,36,36,36,36,36,36,32,36,36,36,36,36,21,27,36,32,36,36,36,36,32,14,36,36,32,36,36,36,36,36,36,36	14,14,14,14,14,14,14,14,14,14,14	
CP001853	1426092	0	T	T	G	0.819689	14	43	13	0	14,14,14,32,14,14,14,14,21,21,36,36,36,36,21,14,14,14,21,36,36,36,36,36,36,36,21,36,36,36,36,36,36,36,36,36,36,36,36,36,36,36,36,36,36,36,36,36,36,14,36,32,36,36,36,36,36	21,21,14,21,14,32,14,21,21,21,32,14,14	
CP001853	1452969	0	C	C	G	0.844747	32	32	0	13	36,36,32,36,14,32,14,36,36,21,32,32,36,36,36,36,36,14,36,36,36,36,36,36,36,36,14,14,14,14,14,14,14,14,21,14,14,21,36,14,36,36,36,36,36,36,14,21,14,36,36,21,14,32,21,14,36,36,36,14,36,36,36,32	14,32,14,14,14,14,14,14,14,14,14,14,14	
CP001853	1482255	0	A	A	C	0.705531	0	7	2	1	36,36,36,36,36,36,36	32,36,14	
CP001853	1493286	0	C	C	G	0.618206	9	4	8	0	14,32,14,36,14,36,36,36,14,36,14,36,14	14,14,14,32,14,21,14,14	
CP001853	1500987	0	A	A	C	0.815353	43	29	18	0	36,14,36,36,36,36,14,36,14,14,14,14,14,36,27,14,32,36,36,14,14,36,36,36,32,14,14,36,14,36,36,36,36,36,36,36,14,14,14,14,14,14,14,32,14,32,32,32,14,14,14,36,32,14,36,36,27,36,36,36,14,36,36,36,36,36,36,36,36,36,36,36	14,14,14,14,14,14,14,14,14,14,14,14,14,27,14,14,14,14	
CP001853	1517014	0	A	A	G	0.837989	39	24	4	8	36,36,36,36,36,36,36,36,36,36,36,36,36,36,36,36,36,36,36,36,36,36,36,36,14,36,36,36,36,36,36,36,36,36,36,36,36,36,36,36,36,36,36,36,32,36,36,36,36,36,36,36,36,36,36,36,36,14,36,36,36,36,36	36,36,36,36,36,36,36,36,36,36,36,36	
CP001853	1517016	0	A	A	G	0.829086	39	24	4	9	36,36,36,36,36,36,36,36,36,36,36,36,36,36,32,36,36,36,36,36,36,36,36,36,21,36,36,36,36,36,36,36,36,36,36,36,36,36,36,36,36,36,36,36,36,36,36,36,36,36,32,36,14,36,36,36,36,14,36,36,36,36,36	36,14,36,36,32,36,36,36,36,36,36,36,14	
CP001853	1528586	0	G	G	C	0.913099	37	74	0	11	36,36,32,36,36,36,36,36,36,36,36,36,36,36,36,32,36,32,36,36,36,36,36,36,36,36,36,36,36,36,36,32,32,36,36,14,14,27,14,14,14,14,27,32,32,36,14,14,14,36,14,14,14,14,32,36,36,36,14,14,14,36,14,14,14,32,14,14,14,14,14,14,14,14,27,14,36,32,36,36,36,36,36,36,14,14,36,14,14,36,14,36,36,36,36,36,14,14,14,14,14,14,14,14,14,14,14,36,27,32,36	14,14,14,14,21,14,14,14,14,14,14	
CP001853	1528588	0	C	C	A	0.919499	33	74	0	10	32,36,36,36,36,36,36,36,36,36,27,36,36,36,32,32,36,36,32,36,36,36,21,14,14,14,36,36,32,32,36,36,14,32,27,14,14,14,36,14,32,36,36,21,32,21,14,32,14,21,36,36,21,32,32,36,32,21,14,21,36,14,27,14,21,14,14,21,21,36,14,32,36,32,36,36,32,36,36,36,14,14,14,14,32,21,14,32,36,32,36,36,14,14,14,32,14,14,14,36,14,14,14,14,14,14,36	14,14,14,21,14,14,21,14,21,21	
CP001853	1528592	0	G	G	C	0.817956	32	62	0	22	36,36,36,36,36,36,36,36,36,32,36,32,21,36,36,14,36,36,36,36,14,32,36,36,36,36,36,14,14,14,14,21,14,14,21,36,14,14,14,14,14,14,14,14,14,21,14,14,14,14,14,14,14,14,14,14,14,21,14,36,36,36,36,32,36,36,36,14,14,36,14,36,36,36,36,36,14,14,14,21,14,14,14,14,14,36,21,36,14,14,14,14,36,14	14,14,14,14,14,14,14,14,14,14,14,14,14,14,14,14,14,14,14,14,14,14	
CP001853	1528594	0	A	A	C	0.80687	21	64	0	21	14,14,36,36,36,14,36,36,14,36,14,21,14,32,14,36,36,36,32,36,32,14,14,14,14,14,14,14,14,14,32,14,14,14,32,14,14,14,36,36,14,36,32,36,36,36,36,36,32,21,14,14,14,21,14,36,32,21,36,21,14,32,14,14,14,14,14,21,14,32,21,36,32,36,14,14,32,36,14,14,32,36,14,14,14	14,14,14,14,14,32,14,27,14,14,14,14,32,14,14,14,14,14,14,14,14	
CP001853	1550861	0	C	C	G	0.918407	30	56	8	0	14,27,14,36,14,14,14,36,32,36,14,14,36,36,14,32,14,36,36,36,14,14,14,14,14,27,36,14,14,14,14,14,36,36,36,36,36,14,14,14,32,36,36,27,36,36,36,36,36,36,36,36,36,36,36,36,36,36,36,14,27,21,32,36,32,36,27,36,36,36,36,36,32,36,36,36,36,36,36,36,32,36,36,36,36,36	32,14,14,14,14,14,14,14	
CP001853	1550867	0	C	C	G	0.906392	26	58	9	0	36,32,36,14,14,36,36,14,14,14,14,14,36,36,36,14,14,32,14,14,14,36,14,32,14,14,36,36,36,36,36,14,36,36,36,36,36,36,36,36,36,36,36,36,36,36,14,36,36,36,36,14,36,14,36,36,36,36,36,36,36,32,36,21,32,36,36,36,36,36,36,36,36,36,36,36,36,36,36,36,36,36,36,36	14,14,14,14,14,14,14,14,14	
CP001853	1572105	0	T	T	G	0.805912	25	19	9	2	14,32,14,14,14,36,36,14,14,14,14,14,14,21,14,36,14,36,32,14,14,14,14,14,14,14,36,14,32,32,14,36,32,14,14,14,14,14,14,14,14,27,14,32	14,14,14,14,14,32,14,14,14,14,27	
CP001853	1665527	0	C	A	C	0.500029	2	0	2	0	36,32	32,36	
CP001853	1720502	0	C	C	G	0.891744	16	39	7	0	14,14,14,32,14,14,14,36,36,36,14,14,14,14,14,14,14,36,36,36,36,36,36,36,36,36,32,36,36,36,36,36,32,36,32,36,36,27,36,36,36,36,14,36,36,36,27,36,36,36,36,36,36,36,14	14,14,14,14,14,14,14	
CP001853	1722697	0	T	T	G	0.839626	15	35	10	0	36,14,14,14,14,14,14,14,14,36,36,36,36,36,36,36,21,36,36,36,32,32,21,21,36,36,14,14,36,36,32,14,36,36,27,32,14,36,32,32,14,36,36,32,36,36,14,36,36,32	14,14,14,14,14,14,14,14,14,14	
CP001853	1724069	0	C	C	G	0.847247	27	11	7	0	32,14,14,14,14,21,14,14,21,21,14,14,14,14,14,14,36,14,36,36,36,14,36,36,36,36,36,32,32,36,36,36,36,36,36,36,14,36	14,21,14,14,21,14,14	
CP001853	1744108	0	A	A	G	0.970053	55	74	2	2	36,36,36,36,36,36,36,36,32,36,36,32,36,36,36,36,36,36,36,36,36,36,36,36,36,36,36,36,36,32,36,36,36,36,36,36,36,36,36,36,36,36,36,36,36,36,36,36,36,36,36,36,36,36,36,36,14,32,36,36,36,36,36,32,36,36,36,36,36,36,36,36,36,36,36,36,14,36,36,36,36,36,36,36,36,36,36,36,36,36,36,36,36,36,36,36,36,36,36,36,36,36,36,36,36,36,36,36,36,36,36,36,36,36,36,36,36,36,36,36,36,36,36,36,36,36,36,36,36	36,32,36,32	
CP001853	1768253	0	G	G	C	0.772939	41	5	0	14	36,32,14,36,36,36,36,36,14,14,36,36,36,36,36,36,36,36,36,36,36,36,36,36,36,36,36,36,36,36,36,36,14,36,36,36,14,36,36,36,36,36,36,36,14,14	14,14,14,14,14,14,14,14,14,14,14,14,14,14	
CP001853	1778269	0	G	G	A	0.89095	18	39	7	0	32,36,36,36,36,36,36,36,36,36,36,32,32,36,36,36,36,36,36,36,36,36,36,36,36,32,36,36,32,36,36,32,32,32,32,14,32,32,36,36,14,32,36,36,36,36,36,36,36,36,36,36,36,36,36,36,36	14,32,32,14,32,36,27	
CP001853	1783833	0	C	C	G	0.814874	41	36	18	0	14,36,36,36,36,36,14,14,36,36,36,36,36,36,36,36,36,14,14,21,14,36,36,36,36,14,36,36,36,36,14,14,36,21,36,36,21,36,36,36,36,36,21,36,32,36,32,36,36,36,36,36,36,36,36,36,32,14,36,14,32,36,36,32,36,21,36,36,36,36,36,36,36,36,36,36,36	14,14,14,14,14,14,14,14,14,14,14,14,14,14,14,14,14,14	
CP001853	1785407	0	A	A	C	0.905717	51	47	12	0	36,36,36,14,32,36,36,32,36,36,14,14,14,27,14,14,14,14,14,36,36,14,36,36,36,36,36,14,21,36,36,36,36,36,32,36,36,36,36,36,36,14,32,36,36,36,36,36,36,36,36,36,36,36,36,36,36,36,36,36,32,32,21,32,14,14,27,14,14,32,36,21,14,36,36,32,14,36,21,36,21,14,21,21,36,36,36,36,32,32,36,21,27,36,36,36,21,21	14,14,14,14,36,14,36,14,14,14,14,14	
CP001853	1790787	0	C	C	G	0.893116	24	48	9	0	14,14,32,14,14,14,36,36,36,36,36,36,36,36,36,36,36,36,36,36,36,36,36,36,14,14,14,14,14,14,36,14,14,14,14,14,14,36,21,21,36,36,32,21,14,14,36,32,32,36,36,36,32,36,36,36,36,36,36,36,36,36,36,36,36,36,14,36,36,36,36,36	14,14,14,14,14,14,14,14,14	
CP001853	1790923	0	C	G	C	0.539971	0	6	1	4	21,21,14,32,21,14	36,32,14,21,14	
CP001853	1790931	0	C	C	A	0.767513	4	9	0	4	36,32,36,21,14,21,14,14,32,36,36,32,14	21,36,14,21	
CP001853	1860151	1	.	.	G	0.92	2	44	4	0	36,36,36,36,36,36,36,36,36,36,36,36,36,36,36,36,36,36,36,36,36,36,36,36,36,36,36,36,36,36,36,36,36,36,36,36,36,36,36,36,36,21,14,36,36,32	36,36,36,36	
CP001853	1864812	0	C	C	G	0.87065	40	50	0	15	36,36,36,36,36,14,14,36,36,36,36,14,32,36,36,36,36,36,36,14,36,36,36,36,36,36,36,36,14,21,36,14,14,14,21,14,14,32,21,32,32,36,36,14,14,21,14,32,36,14,14,14,14,21,32,14,36,36,36,36,36,36,36,14,36,14,14,36,36,36,21,14,14,14,14,32,36,14,14,14,14,32,32,32,14,36,36,36,36,36	14,14,14,36,14,14,36,14,14,14,14,14,14,14,14	
CP001853	1882289	1	.	.	G	0.963636	3	50	2	0	36,36,36,32,36,36,36,36,32,36,32,36,32,36,36,36,36,36,36,36,36,36,36,36,36,36,32,32,36,36,32,36,36,36,27,36,27,36,36,27,36,36,36,36,36,36,36,14,36,36,32,14,36	36,36	
CP001853	1939702	0	G	G	C	0.889793	27	82	0	14	36,14,36,14,32,21,14,14,14,14,36,36,36,36,36,14,36,36,36,36,21,32,14,14,14,21,14,14,14,32,36,14,21,14,21,14,14,14,14,14,32,14,14,32,14,14,14,21,14,14,27,14,14,32,14,32,36,36,14,32,14,36,14,14,21,21,14,14,21,21,14,32,36,14,14,32,14,36,32,14,36,14,14,14,14,14,14,21,14,14,14,32,36,14,14,36,36,36,36,36,36,36,36,36,32,36,36,36,36	21,14,14,14,14,14,14,14,14,14,14,14,14,14	
