seq_id	position	insert_position	reference_base	major_base	minor_base	major_frequency	major_top_strand	major_bot_strand	minor_top_strand	minor_bot_strand	major_quals	minor_quals	
CP001853	32370	0	A	A	T	0.933524	58	39	7	0	32,14,14,14,21,36,36,36,36,14,21,14,14,14,14,14,36,36,36,36,36,36,14,36,36,36,36,36,36,36,36,36,36,36,14,36,21,14,14,21,21,14,21,36,21,36,32,14,36,14,36,36,32,21,36,36,21,21,21,32,36,36,36,36,36,36,36,36,36,36,32,36,36,21,36,36,21,21,32,21,14,14,36,21,36,14,14,36,14,36,36,36,36,36,36,36,36	14,14,14,21,14,14,14	
CP001853	51880	0	A	A	C	0.690898	21	14	15	0	36,14,14,36,14,14,14,14,14,14,14,21,14,36,14,21,14,14,36,36,36,36,36,36,36,36,14,14,14,36,14,14,36,36,36	14,14,14,14,14,14,14,14,14,14,14,14,14,14,14	
CP001853	67137	0	G	G	T	0.874765	66	83	22	0	21,14,14,14,36,14,14,14,14,14,14,14,36,36,36,36,36,14,36,36,36,21,14,14,36,14,14,36,36,36,36,36,36,36,36,36,36,36,32,36,36,36,36,36,36,36,32,36,36,32,36,36,36,36,14,36,36,36,36,36,14,14,14,14,32,21,14,14,27,27,14,14,14,14,14,36,36,32,14,14,36,36,36,14,21,14,36,36,36,36,36,36,36,36,36,36,36,36,36,36,36,36,14,21,36,36,36,36,36,36,36,36,36,36,36,36,36,36,36,36,36,36,36,36,32,36,14,36,36,36,36,36,36,36,36,36,32,36,32,36,36,36,36,36,36,36,14,36,36	14,21,21,14,21,21,14,14,21,21,36,14,21,21,21,21,21,32,21,21,21,21	
CP001853	68365	0	A	A	C	0.894793	146	69	30	0	36,36,36,36,36,36,36,36,36,32,36,36,36,36,36,36,14,14,36,36,36,36,36,14,14,14,14,14,36,14,14,14,14,14,36,36,36,36,36,36,36,36,36,36,36,36,21,21,14,21,14,14,32,21,14,14,32,32,14,14,14,14,21,36,36,14,21,21,14,14,14,14,21,21,14,14,21,14,14,32,21,21,14,14,36,21,14,21,14,21,36,14,14,36,32,32,21,14,32,27,32,14,14,21,14,14,36,14,32,14,14,36,36,36,14,27,32,36,36,21,14,32,36,27,14,32,14,14,14,14,14,14,32,32,36,14,36,14,32,32,32,32,32,14,14,14,14,14,14,32,36,36,14,36,36,36,36,36,21,36,21,21,14,14,14,14,32,36,21,14,14,21,14,36,36,36,32,32,14,14,36,14,32,14,32,32,36,36,36,36,36,36,36,36,36,36,36,36,36,36,36,36,36,36,36,36,36,36,36,36,36,36,36,36,36	14,14,14,14,14,14,14,14,14,14,14,14,14,14,14,14,14,14,14,14,14,14,14,14,14,14,32,14,14,21	
CP001853	102655	0	A	A	C	0.810382	23	14	0	9	14,32,14,36,36,36,36,36,36,36,36,36,36,36,36,14,36,36,36,32,14,14,36,14,36,14,36,36,14,14,14,14,14,14,14,14,14	14,14,14,14,14,14,14,14,14	
CP001853	108294	0	A	A	C	0.902698	64	46	0	13	36,36,36,36,36,21,21,14,36,32,36,36,21,14,21,14,36,32,14,14,36,36,36,36,36,36,36,36,36,36,36,32,36,36,36,36,14,32,36,36,14,32,36,36,14,36,36,36,36,36,36,36,36,36,32,36,36,36,32,32,36,36,36,36,36,14,14,14,32,14,32,32,14,32,14,14,21,36,36,21,21,14,32,32,32,36,36,36,36,36,14,14,14,21,14,14,21,32,36,32,14,21,21,14,14,14,14,21,14,36	14,14,14,14,14,36,14,14,14,14,14,14,14	
CP001853	110774	1	.	.	G	0.931818	2	39	3	0	36,36,36,36,36,36,36,36,36,36,36,32,32,36,36,36,36,14,36,36,36,36,36,36,36,36,36,36,32,36,36,36,36,36,36,36,36,36,32,36,36	36,36,14	
CP001853	159393	0	G	.	G	0.9	14	4	1	1	36,36,36,36,36,36,36,32,32,36,36,36,36,36,36,36,14,36	14,36	
CP001853	163603	0	T	T	G	0.77544	38	19	17	0	36,14,14,21,21,32,36,36,14,14,14,32,14,14,14,21,32,14,14,36,32,32,14,14,21,21,14,14,32,32,36,14,36,36,14,14,14,36,36,36,36,36,36,36,36,36,36,32,36,36,21,36,36,36,21,36,36	14,14,14,14,14,14,14,14,14,14,14,14,21,14,14,32,14	
CP001853	163607	0	C	C	G	0.777256	30	21	14	0	14,21,14,36,14,14,14,14,14,14,14,14,21,21,21,14,14,14,14,14,21,21,21,36,21,14,36,36,36,36,36,36,36,36,36,36,32,21,14,14,36,36,36,36,36,36,36,36,36,36,36	14,14,14,14,14,14,14,14,14,14,14,14,14,14	
CP001853	177891	0	G	G	T	0.917795	25	39	6	0	36,21,36,36,36,21,14,36,36,36,32,14,14,21,14,36,36,32,36,14,36,36,36,21,36,32,36,32,36,36,14,14,32,14,21,36,21,36,36,36,32,36,36,36,36,36,36,36,32,36,36,36,36,36,36,36,36,36,36,36,36,36,36,14	14,27,21,21,14,21	
CP001853	187998	0	A	A	C	0.93303	55	91	6	5	32,32,14,32,36,36,36,14,36,21,36,36,36,36,32,32,32,36,36,36,36,14,36,21,36,36,14,36,14,36,36,14,36,36,36,36,32,36,32,36,14,36,14,32,36,36,36,14,36,36,36,32,36,14,36,21,14,14,36,36,36,36,36,36,36,36,36,36,36,36,36,36,14,36,36,36,32,36,36,36,32,36,36,36,36,36,36,36,36,36,36,36,36,36,36,32,36,36,36,36,36,36,36,36,36,36,36,36,36,32,36,36,36,36,36,36,36,36,36,36,36,36,36,36,32,32,36,36,36,32,36,36,36,36,36,36,36,36,36,32,36,36,36,36,36,36	36,14,36,36,36,36,36,14,36,36,36	
CP001853	188540	0	A	A	C	0.858869	32	20	0	9	36,36,36,36,36,36,36,36,21,36,36,36,36,36,36,36,36,36,21,36,36,14,32,14,36,36,36,14,21,36,36,36,36,36,36,36,36,21,14,21,32,14,32,14,14,14,14,32,14,14,14,14	14,21,14,14,14,21,14,14,14	
CP001853	206454	0	A	A	C	0.832102	40	20	13	0	32,36,14,14,14,14,14,14,14,14,14,14,14,14,14,14,14,14,14,14,14,14,14,14,36,14,14,14,14,14,14,36,36,36,36,36,14,36,36,36,36,36,21,14,32,36,14,14,14,14,36,36,32,32,36,36,36,36,36,32	14,14,14,14,14,14,14,14,14,14,14,14,14	
CP001853	254257	0	C	G	C	0.528887	0	8	2	5	14,14,14,36,14,14,14,14	14,14,21,36,36,14,14	
CP001853	258239	0	T	T	G	0.862548	16	19	6	0	14,36,14,14,14,36,36,36,36,36,36,36,14,14,21,14,36,36,36,36,14,14,14,36,36,36,36,36,14,32,36,36,36,14,36	36,14,14,14,14,14	
CP001853	283516	0	A	A	C	0.895028	49	8	0	7	36,36,36,36,14,36,21,36,36,36,36,36,21,36,36,36,36,21,36,36,14,36,36,32,36,36,32,36,36,36,14,36,14,36,36,36,36,32,36,36,14,36,36,36,36,36,14,36,21,32,36,14,14,14,14,14,14	14,14,21,32,32,14,14	
CP001853	294619	0	G	G	T	0.811755	30	8	9	0	14,14,36,36,36,14,14,14,14,21,32,14,36,14,14,14,21,36,21,32,21,21,14,21,14,21,21,36,21,21,21,36,36,36,36,36,36,36	14,14,21,21,21,21,21,21,21	
CP001853	329484	0	T	T	G	0.670172	4	10	0	7	36,21,36,36,21,32,14,14,14,14,14,14,14,14	14,32,14,14,14,14,14	
CP001853	329487	0	C	C	G	0.864576	0	19	3	0	14,36,14,14,36,14,36,36,36,32,27,36,36,36,36,36,36,36,36	14,36,32	
CP001853	401746	0	T	T	G	0.839289	27	54	0	17	36,36,36,36,36,36,36,36,36,14,36,36,32,36,36,36,36,36,36,36,36,36,36,36,36,36,36,36,36,21,36,32,32,36,36,14,21,14,14,36,14,36,32,14,14,32,14,14,14,14,14,14,21,14,14,14,14,21,14,36,14,14,14,14,14,14,32,14,14,32,14,14,14,14,14,14,14,14,14,36,36	14,14,14,14,14,14,14,14,14,14,14,14,14,14,14,14,14	
CP001853	401756	0	A	A	C	0.894043	8	63	0	9	36,32,36,14,36,36,14,14,14,14,14,32,36,36,14,36,14,14,32,21,36,21,36,14,32,21,14,21,21,21,21,14,14,21,32,14,14,27,32,32,14,32,14,14,14,36,36,14,14,32,14,14,14,14,14,14,14,36,32,14,32,36,14,32,21,14,36,36,32,21,14	14,14,21,14,14,14,14,14,14	
CP001853	432102	0	T	T	G	0.662798	8	13	0	11	36,36,32,32,36,36,36,36,14,36,14,14,14,14,14,14,14,14,14,14,14	14,14,14,14,14,14,14,14,14,14,14	
CP001853	462649	0	G	G	C	0.912766	25	56	0	8	36,36,36,14,14,36,36,14,36,36,36,36,36,36,36,36,32,36,36,32,36,36,36,32,36,36,36,36,36,36,14,14,36,32,36,36,36,36,36,36,14,14,14,27,14,14,14,14,32,14,27,27,36,36,14,14,14,32,36,14,14,14,14,14,14,36,14,14,14,14,27,14,36,14,14,14,14,36,36,36,14	14,14,14,14,14,14,14,14	
CP001853	486937	0	A	A	C	0.575622	7	10	13	0	36,14,14,14,36,36,36,27,36,36,14,36,36,32,14,36,36	14,14,14,14,14,14,14,14,14,14,14,14,14	
CP001853	488817	0	A	A	T	0.942622	27	35	0	4	36,36,36,36,36,14,36,36,36,36,36,36,36,36,36,36,36,36,36,36,36,36,36,36,36,36,36,36,36,36,36,36,36,36,36,36,36,36,36,36,36,36,36,36,36,36,36,36,36,36,36,36,36,36,36,36,36,36,36,36,32,36	14,32,36,36	
CP001853	488820	0	T	T	A	0.944503	17	34	0	3	36,36,14,36,36,36,36,36,36,36,36,36,36,36,36,36,36,36,36,36,36,36,36,36,36,36,36,36,36,36,36,36,36,36,36,36,36,36,32,36,36,36,36,36,36,36,36,36,36,36,36	36,36,36	
CP001853	490482	0	T	T	G	0.843028	43	3	9	0	14,14,14,14,14,14,32,27,14,14,14,14,14,14,14,14,14,14,14,14,14,14,14,14,14,14,32,36,36,36,14,14,14,32,14,14,14,21,32,32,36,14,14,14,32,36	14,14,14,14,14,14,14,14,14	
CP001853	503922	1	.	.	G	0.966666	23	35	1	1	36,36,36,36,36,36,36,36,36,36,36,36,36,36,32,36,36,36,36,36,36,36,36,36,36,36,36,36,14,36,36,36,36,36,36,36,32,36,36,36,36,36,36,36,36,36,36,36,36,36,36,32,36,36,36,36,36,36	36,36	
CP001853	503922	2	.	.	C	0.966666	23	35	1	1	36,36,36,36,36,36,36,36,36,36,36,36,36,36,32,36,36,36,36,36,36,36,36,36,36,36,36,36,14,36,36,36,36,36,36,36,32,36,36,36,36,36,36,36,36,36,36,36,36,36,36,32,36,36,36,36,36,36	36,36	
CP001853	505355	0	A	.	A	0.543686	17	39	12	35	36,36,36,36,36,36,36,36,36,36,36,36,36,36,36,36,36,36,36,36,36,36,36,36,36,36,36,14,36,32,36,36,36,36,36,36,36,36,36,36,36,32,36,36,36,36,36,36,36,36,36,36,36,21,36,36	36,36,36,36,36,36,36,36,32,36,36,36,36,36,36,36,36,36,36,36,36,36,32,36,32,36,32,36,36,36,36,36,36,36,36,36,36,36,36,14,36,36,36,36,36,36,36	
CP001853	699840	0	A	A	T	0.611511	16	9	2	14	36,32,36,36,36,36,36,36,36,36,36,36,36,36,36,36,36,36,36,36,36,36,36,36,36	14,36,36,21,36,21,21,36,14,36,36,32,36,21,36,36	
CP001853	699841	0	C	C	A	0.610346	16	9	2	14	36,36,36,36,36,36,36,36,36,36,32,36,36,32,36,36,36,36,14,36,36,36,36,32,36	14,36,36,36,36,36,36,36,32,36,36,36,14,36,36,14	
CP001853	703454	0	G	G	T	0.823147	20	35	0	14	36,36,36,36,36,36,36,36,14,36,36,32,21,32,21,32,32,36,14,36,32,36,36,36,36,14,14,36,32,14,36,36,14,36,36,36,32,21,14,14,21,14,14,14,36,36,36,14,14,21,14,36,36,14,14	14,14,14,14,14,14,21,14,14,14,14,32,14,14	
CP001853	711169	0	T	T	G	0.883763	29	46	0	11	36,21,36,36,36,36,36,36,36,36,36,36,36,36,36,14,21,21,21,21,14,36,14,21,14,21,14,21,36,36,14,36,36,14,36,36,36,36,36,14,14,36,21,14,36,14,14,14,14,14,14,14,21,14,36,14,14,32,21,36,36,36,14,14,21,14,14,14,14,14,14,32,14,14,14	21,21,14,14,14,14,14,14,14,36,14	
CP001853	726629	0	T	T	G	0.811874	25	21	11	0	36,14,14,21,21,14,14,36,21,21,14,21,21,36,14,21,14,14,21,21,14,36,36,14,36,36,36,36,36,36,36,36,21,36,14,21,32,36,36,36,36,36,36,36,36,36	14,14,14,14,14,14,21,14,14,21,21	
CP001853	749345	1	.	.	G	0.956524	23	21	2	0	14,36,36,36,36,36,36,36,36,36,36,36,36,36,36,32,36,36,36,36,36,36,36,36,36,36,36,36,36,36,36,36,36,36,36,36,36,36,36,36,36,36,36,36	14,21	
CP001853	769939	0	G	G	C	0.842492	13	3	0	3	36,36,36,36,36,36,36,36,36,36,36,36,36,14,14,14	14,32,32	
CP001853	774996	0	C	C	T	0.920075	38	31	4	2	36,36,36,14,36,36,36,32,32,36,36,36,36,32,36,32,36,36,36,36,14,36,36,36,36,14,36,36,36,36,32,36,36,36,36,36,36,36,14,36,14,14,36,36,36,36,36,36,36,36,36,36,36,36,27,36,36,27,36,36,36,36,14,36,36,36,36,36,36	36,36,36,36,36,36	
CP001853	776910	0	C	A	G	0.974648	18	19	1	0	36,36,36,36,14,36,36,36,14,36,36,36,36,36,36,36,36,36,36,36,36,36,36,21,32,36,14,36,36,36,36,36,14,36,36,36,36	14	
CP001853	795837	0	T	T	G	0.881652	41	36	11	0	14,36,14,36,36,36,36,36,32,14,36,14,14,14,14,32,14,14,14,21,14,14,14,14,36,21,14,14,14,14,14,36,14,14,14,36,21,14,21,21,14,36,14,14,14,36,36,32,36,36,36,36,36,36,21,36,36,36,32,36,14,36,36,36,36,36,36,36,36,36,36,36,36,36,36,36,36	14,14,14,14,14,14,14,14,14,21,14	
CP001853	851128	0	A	A	.	0.901414	49	15	6	1	36,36,36,36,36,36,36,36,36,36,36,36,36,36,36,36,21,36,36,36,36,36,36,36,36,36,36,36,36,36,21,36,36,36,36,36,36,36,36,36,36,36,36,36,36,36,36,36,14,32,36,36,36,36,32,36,36,36,36,36,36,14,36,36	36,36,36,36,32,36,36	
CP001853	851129	0	T	T	.	0.897067	47	14	6	1	36,36,36,36,36,36,32,36,36,36,36,36,36,36,14,36,36,36,36,36,36,36,36,36,36,36,36,32,36,36,36,36,36,14,36,36,36,36,36,36,36,36,36,36,36,36,36,36,36,36,36,36,21,36,36,21,36,36,36,14,36	36,36,36,36,32,36,36	
CP001853	871233	0	G	G	.	0.916674	14	8	1	1	36,36,36,36,36,36,36,36,36,36,36,36,36,36,36,21,36,36,27,14,36,32	36,36	
CP001853	872790	0	G	G	C	0.890295	20	35	0	7	36,14,21,14,36,36,36,36,36,36,36,36,36,32,14,14,36,36,21,14,36,14,21,21,14,32,36,36,14,32,14,21,14,14,21,36,14,14,14,36,14,36,14,36,36,36,36,36,36,14,14,36,32,36,36	21,36,14,21,14,14,21	
CP001853	950153	0	A	A	C	0.809235	10	32	11	0	36,36,36,36,36,36,14,36,27,32,36,32,36,36,36,36,36,32,14,14,32,36,14,32,36,14,36,36,36,36,36,32,36,32,14,36,36,36,36,36,36,36	14,14,14,14,14,14,14,14,14,27,14	
CP001853	1110881	0	A	A	C	0.879047	20	55	0	11	36,36,36,21,21,36,36,36,36,36,14,36,21,14,14,21,21,14,14,32,21,14,21,14,14,14,21,14,36,36,36,21,14,14,36,36,36,36,14,21,36,32,21,14,14,14,14,36,36,36,36,36,36,14,14,14,14,14,14,32,14,14,32,14,14,36,36,32,32,14,36,32,14,14,32	21,14,14,14,14,14,14,14,14,14,14	
CP001853	1125444	0	T	T	G	0.831368	28	8	8	0	14,36,14,14,14,14,14,14,14,14,14,36,14,14,14,14,14,14,14,36,32,36,36,36,14,14,14,14,14,14,21,36,14,14,21,36	14,14,14,14,14,14,14,14	
CP001853	1126288	1	.	.	G	0.881355	25	27	3	4	36,36,36,36,36,36,36,32,21,36,14,32,36,36,36,36,36,36,36,36,36,14,36,36,36,36,36,32,36,36,36,36,36,36,36,36,32,32,36,36,32,36,36,36,36,36,36,36,36,36,36,36	36,36,36,36,36,32,36	
CP001853	1147794	0	T	T	C	0.872401	18	23	6	0	36,36,36,36,36,14,36,36,36,36,36,36,32,36,36,36,36,14,36,36,14,36,32,36,36,36,36,21,36,36,36,36,36,36,36,36,36,36,36,36,36	36,36,36,36,36,36	
CP001853	1161608	0	C	A	C	0.939365	23	39	3	1	36,36,14,36,36,36,36,36,36,36,14,36,36,36,36,36,36,36,36,36,36,36,36,36,36,36,36,14,36,36,36,36,36,36,36,36,36,36,36,36,36,36,36,36,36,36,36,27,36,36,36,36,36,36,32,36,36,36,36,36,36,36	36,36,36,36	
CP001853	1188442	0	T	T	G	0.83898	21	28	9	0	14,14,14,14,21,32,36,14,14,36,14,14,14,36,14,14,14,14,36,14,36,36,36,36,36,14,36,36,36,36,21,21,36,36,36,21,36,21,36,36,36,36,14,36,36,36,36,14,32	14,14,14,14,14,14,32,14,14	
CP001853	1259861	0	T	T	C	0.964882	70	67	2	3	14,36,36,36,36,36,36,36,36,36,36,36,32,36,36,36,36,36,36,36,36,36,32,36,36,36,32,14,36,36,36,36,36,36,14,36,36,36,36,36,36,36,36,21,32,36,36,36,36,36,36,36,36,36,36,36,36,36,36,36,36,36,36,36,36,36,36,36,36,36,36,36,36,36,36,32,36,36,14,32,32,32,32,36,36,36,36,36,36,36,36,36,36,32,36,32,14,36,36,36,36,36,14,32,36,36,36,36,36,36,36,36,36,36,36,32,36,36,36,36,36,36,36,36,36,36,14,36,36,36,32,36,36,36,36,36,36	36,36,36,36,36	
CP001853	1285292	0	A	A	C	0.734811	4	22	10	0	36,36,36,36,36,14,14,14,36,36,36,36,14,36,36,36,36,36,36,36,36,36,32,36,32,36	14,14,14,14,14,14,14,14,14,14	
CP001853	1297149	0	C	C	A	0.87586	40	28	0	10	36,36,36,36,32,36,36,36,32,14,14,36,36,36,36,36,36,36,36,36,36,32,36,14,36,14,14,21,36,21,32,14,36,14,36,36,36,32,14,21,36,14,32,14,14,14,14,21,36,36,36,14,32,36,36,36,32,36,21,14,36,36,36,14,21,32,14,14	21,32,14,21,21,21,21,21,21,14	
CP001853	1297152	0	A	A	C	0.879347	33	29	0	9	36,14,36,32,36,32,36,36,36,36,36,36,36,36,36,36,14,36,14,14,14,14,14,32,14,32,36,36,36,36,36,36,14,14,14,36,14,14,14,14,14,14,14,14,14,32,32,14,36,36,36,36,36,14,36,14,36,36,36,14,14,14	14,14,14,14,14,14,14,36,14	
CP001853	1305547	0	T	C	T	0.53657	22	0	10	9	36,36,36,36,36,27,36,36,36,36,36,36,36,36,36,36,36,36,36,36,36,36	36,36,36,36,32,21,36,36,36,36,36,36,32,36,36,32,36,36,36	
CP001853	1305560	0	G	G	C	0.511278	13	10	22	0	36,36,36,36,36,36,36,36,14,36,36,36,14,36,36,36,36,36,36,36,32,36,14	36,36,36,36,36,32,36,36,36,36,36,36,36,36,36,36,36,36,21,36,32,36	
CP001853	1329657	0	T	T	C	0.949574	55	39	2	3	36,36,36,36,36,36,36,36,36,36,36,36,36,36,36,36,36,36,36,36,36,36,14,32,32,36,36,36,36,36,36,36,32,21,36,36,32,36,36,36,36,36,36,36,36,36,36,32,36,36,36,36,36,36,36,36,36,36,36,21,36,36,36,36,32,36,36,27,27,36,36,36,14,36,36,36,36,36,36,36,36,21,36,36,32,36,36,32,32,32,36,14,32,36	36,36,32,36,36	
CP001853	1344223	0	C	T	C	0.891375	32	9	2	3	36,36,36,36,36,36,36,36,36,36,36,36,36,36,32,36,36,32,36,36,36,36,36,36,14,36,32,14,14,21,36,36,36,36,36,36,36,36,32,36,36	36,36,36,36,36	
CP001853	1381877	0	G	G	C	0.830828	41	12	0	11	36,36,36,36,36,36,36,36,36,36,36,36,36,36,36,36,14,14,14,14,32,14,21,36,32,36,36,32,36,36,36,36,14,14,14,36,36,36,36,36,36,36,36,36,36,14,36,32,14,36,36,36,14	21,14,14,14,14,21,14,14,14,14,14	
CP001853	1401259	0	C	C	G	0.85704	18	34	9	0	32,36,14,21,36,14,21,14,14,14,14,21,14,36,36,36,14,36,36,14,14,14,36,36,36,36,36,36,36,36,36,36,36,36,36,36,36,36,36,36,36,36,36,14,14,14,36,36,14,14,36,36	14,14,14,14,14,14,14,14,14	
CP001853	1426091	0	C	C	G	0.868507	14	37	8	0	36,36,36,36,14,32,21,14,32,36,36,36,36,36,36,14,21,14,14,14,14,21,14,36,21,36,36,36,36,36,36,36,36,36,36,36,36,36,36,36,32,36,36,36,21,36,36,36,36,36,36	14,14,21,21,21,14,21,14	
CP001853	1426092	0	T	T	G	0.822422	13	36	11	0	14,14,14,14,36,36,36,36,36,36,21,14,14,14,14,36,36,14,36,36,36,36,36,36,36,36,36,36,36,36,36,36,32,14,36,36,36,36,36,36,36,36,36,36,32,21,36,14,36	32,14,14,14,14,14,14,14,14,14,14	
CP001853	1452969	0	C	C	G	0.865571	30	44	0	13	36,36,36,36,32,36,36,32,36,36,36,14,36,14,32,36,32,36,14,32,36,36,36,36,36,36,36,36,36,36,14,36,14,21,14,14,14,36,14,14,14,21,14,21,36,36,36,36,36,36,36,36,21,36,36,36,36,36,14,14,36,14,14,14,32,36,36,36,36,36,36,36,14,32	14,21,14,14,14,14,21,14,14,14,14,14,14	
CP001853	1493286	0	C	C	G	0.642325	8	1	5	0	14,14,14,21,36,14,32,32,36	21,14,14,14,21	
CP001853	1493290	0	T	G	T	0.537917	7	0	5	1	14,14,14,14,14,14,14	14,36,14,14,14,14	
CP001853	1493532	0	C	C	.	0.500004	1	2	2	1	36,36,36	32,36,36	
CP001853	1518034	0	C	C	G	0.898568	25	37	3	4	36,36,14,36,36,36,36,36,36,36,36,36,36,36,36,36,36,36,36,36,36,36,36,36,36,36,36,36,36,36,36,32,36,32,36,36,36,36,36,36,36,36,36,36,36,32,36,32,36,36,36,32,36,36,36,36,36,36,36,36,36,36	32,32,36,36,36,36,36	
CP001853	1528592	0	G	G	C	0.794536	27	45	0	20	36,36,36,32,36,36,36,36,32,32,36,36,14,21,36,36,36,36,21,21,14,21,21,14,14,14,14,14,14,14,14,14,14,14,14,14,14,14,14,14,14,14,36,36,36,36,36,36,36,36,21,14,14,32,36,36,36,14,14,14,21,14,14,14,21,14,36,27,36,14,36,36	14,14,14,14,14,21,14,14,14,14,14,14,14,14,14,14,14,14,14,14	
CP001853	1528594	0	A	A	C	0.879069	21	55	0	11	14,14,36,36,14,21,36,36,36,36,36,21,21,21,14,14,14,21,21,14,14,36,14,14,14,14,14,36,14,36,36,36,14,32,32,14,14,14,32,14,36,36,36,36,36,36,36,36,36,36,36,32,14,32,36,36,36,36,21,36,32,14,21,14,32,32,14,14,32,36,36,36,36,14,14,14	14,32,14,32,14,14,14,14,14,14,14	
CP001853	1572105	0	T	T	G	0.797035	25	17	10	1	14,14,14,14,14,32,32,14,14,14,32,14,14,36,36,14,14,36,36,14,14,14,14,36,14,14,32,21,36,14,14,14,21,14,14,36,14,14,14,14,14,14	14,14,14,14,14,14,36,14,14,14,14	
CP001853	1697020	0	G	G	T	0.961547	27	48	3	0	36,36,36,32,36,36,36,36,36,36,36,36,36,14,36,36,36,36,36,36,36,36,36,36,36,36,36,36,36,36,36,36,36,36,36,36,36,32,36,36,36,36,36,36,36,36,36,36,36,36,36,27,36,32,32,36,32,36,32,36,36,32,36,36,36,36,36,14,36,36,36,36,36,36,36	36,36,36	
CP001853	1722697	0	T	T	G	0.786261	14	21	10	0	14,36,14,21,36,36,14,14,14,32,36,14,36,36,21,14,14,36,36,36,32,14,36,14,14,36,36,36,14,14,36,36,14,36,36	14,14,14,14,14,14,14,27,14,14	
CP001853	1722701	0	C	C	G	0.826012	9	40	9	1	14,14,14,36,36,36,36,36,14,36,36,36,36,36,32,36,14,36,36,36,36,36,14,14,14,36,36,36,36,36,36,36,36,36,36,36,36,36,36,36,36,14,36,36,36,36,32,36,36	14,14,14,14,14,14,14,14,14,14	
CP001853	1724069	0	C	C	G	0.851098	24	18	8	0	36,14,36,14,14,21,14,21,21,14,14,36,21,14,14,14,14,14,14,36,36,36,36,36,36,32,36,21,36,36,36,27,36,36,36,36,36,36,36,36,36,36	14,14,14,14,21,14,14,14	
CP001853	1759236	0	A	A	T	0.917421	30	25	5	0	21,36,36,14,14,14,14,36,14,14,36,32,21,36,32,21,14,36,36,21,21,21,14,36,36,14,36,14,36,14,21,36,36,36,36,36,36,36,36,14,36,36,36,21,36,36,36,36,36,36,36,36,36,36,36	14,21,21,14,14	
CP001853	1768253	0	G	G	C	0.878133	40	5	0	7	36,14,36,36,36,32,36,32,36,14,36,36,36,36,36,36,36,36,36,36,36,36,36,36,36,36,36,36,32,36,36,36,36,36,36,21,14,14,36,36,36,36,36,36,14	14,14,14,14,21,14,14	
CP001853	1783831	0	T	T	G	0.702125	18	10	12	0	36,36,36,36,14,14,21,36,36,14,36,14,21,14,32,32,14,14,14,14,14,14,14,36,14,36,36,14	14,32,14,14,14,14,14,32,14,21,32,21	
CP001853	1783833	0	C	C	G	0.750509	31	13	16	0	14,36,14,36,36,14,14,36,36,36,14,14,21,14,14,14,36,21,36,36,36,36,36,32,36,14,36,36,36,36,21,32,36,36,14,14,32,36,21,36,32,14,36,36	14,14,14,14,14,14,14,14,14,14,14,14,14,14,14,14	
CP001853	1801689	0	A	A	C	0.882456	60	55	18	0	36,14,36,36,36,21,36,36,36,36,32,32,14,14,14,14,14,32,14,14,36,36,36,36,32,36,36,14,14,21,14,36,36,36,36,36,21,14,14,36,14,14,14,36,14,36,36,36,36,14,21,14,14,14,32,14,14,14,36,36,36,32,36,36,36,14,36,36,36,36,36,36,36,36,36,36,36,36,36,36,14,36,36,32,36,21,36,36,36,36,36,14,36,14,36,14,36,36,36,32,36,36,36,14,14,36,36,36,36,32,36,21,36,36,36	27,14,14,14,14,14,14,14,14,14,14,14,14,14,14,14,14,14	
CP001853	1807145	0	A	A	C	0.913511	24	62	0	9	36,36,36,36,36,14,36,36,36,36,36,36,36,36,21,36,36,36,36,36,14,14,36,14,14,36,14,32,14,14,36,32,14,32,14,14,14,14,14,36,36,36,14,21,36,14,36,14,14,14,14,14,14,32,14,14,14,14,36,36,14,14,36,36,36,36,14,36,36,36,36,36,36,36,36,36,14,14,14,36,14,14,14,14,14,14	14,32,14,14,14,14,14,14,14	
CP001853	1820525	0	T	T	G	0.765825	2	29	0	10	36,14,36,21,36,21,21,14,32,14,14,14,14,14,14,14,14,14,14,14,14,14,14,14,14,14,14,14,14,14,14	14,14,14,14,14,14,14,14,14,14	
CP001853	1852734	0	C	C	.	0.920008	23	0	2	0	36,36,36,36,36,36,36,36,36,36,36,32,14,36,36,36,36,36,36,36,36,36,36	36,36	
CP001853	1864812	0	C	C	G	0.855095	41	44	0	16	36,36,36,36,36,36,14,36,36,36,36,36,36,36,32,36,36,36,36,36,36,36,36,36,36,32,36,36,36,14,14,36,36,36,14,32,14,14,32,36,14,14,21,14,14,14,36,14,36,21,14,36,36,36,36,36,36,36,36,36,36,36,14,21,21,36,36,36,36,14,14,21,21,14,36,14,14,14,14,36,14,36,36,36,36	32,14,14,14,14,21,14,21,14,21,14,14,14,14,21,14	
CP001853	1920160	0	A	A	G	0.923061	7	52	5	0	36,36,36,36,36,36,14,36,36,14,14,14,36,36,36,36,36,36,32,36,36,21,36,36,36,36,36,36,36,36,36,36,36,36,36,36,36,14,36,36,36,36,36,36,36,36,36,36,14,36,36,36,36,36,14,36,36,36,14	14,14,14,14,14	
