seq_id	position	insert_position	reference_base	major_base	minor_base	major_frequency	major_top_strand	major_bot_strand	minor_top_strand	minor_bot_strand	major_quals	minor_quals	
CP001853	31971	0	A	A	C	0.872682	25	64	15	0	36,36,14,36,36,36,36,36,36,36,36,36,36,36,36,36,36,36,36,36,36,36,36,36,36,36,36,36,32,36,36,36,14,14,36,36,36,36,36,36,14,36,36,36,36,36,36,36,32,36,36,36,14,21,14,14,14,14,36,14,14,32,14,14,36,14,14,36,36,36,14,36,36,36,36,27,14,21,32,32,36,36,36,36,36,36,36,36,36	14,14,14,14,14,14,14,14,14,14,14,14,14,14,14	
CP001853	67137	0	G	G	T	0.833162	24	39	13	0	32,36,14,14,14,32,36,36,36,14,21,14,36,36,36,36,36,36,36,36,36,36,36,36,36,36,36,36,36,14,14,14,14,36,36,36,36,36,36,36,36,14,21,36,36,36,36,36,36,36,36,36,36,36,36,36,36,36,36,36,36,36,36	14,14,14,14,21,32,14,21,14,21,21,36,21	
CP001853	68365	0	A	A	C	0.906025	89	36	15	0	36,36,32,36,36,36,36,36,36,36,14,14,14,14,14,14,14,32,14,14,14,14,14,14,14,36,14,36,36,14,36,36,36,32,36,14,36,21,32,14,14,36,36,14,14,21,14,32,36,32,32,36,36,14,14,14,14,14,32,21,32,36,32,14,32,21,14,21,36,36,14,14,36,36,14,32,32,36,14,36,14,32,27,14,36,36,27,27,14,14,36,32,36,14,14,36,36,36,14,14,32,14,36,21,36,32,36,36,32,14,36,36,36,36,36,36,36,36,36,36,36,36,36,36,36	14,32,27,14,14,14,14,14,32,14,14,14,14,21,14	
CP001853	110774	1	.	.	G	0.959187	2	45	2	0	36,36,36,36,36,36,36,36,36,36,36,14,36,36,32,36,36,14,36,32,36,36,36,36,36,36,36,36,36,36,14,14,36,36,36,36,36,36,14,36,32,32,36,36,36,14,36	14,14	
CP001853	163603	0	T	T	G	0.913008	51	28	8	0	14,14,36,21,36,14,14,21,21,14,36,36,14,14,14,14,36,14,32,21,14,21,14,14,14,32,14,14,36,36,32,14,14,14,14,14,14,21,14,36,21,36,14,14,21,36,36,36,36,36,36,36,36,32,14,14,14,36,14,14,21,36,36,36,36,36,36,27,32,36,21,36,36,36,32,32,36,36,36	14,36,14,14,32,14,14,14	
CP001853	163607	0	C	C	G	0.765578	21	27	16	0	14,14,14,14,14,36,36,21,21,21,21,14,21,14,14,14,14,14,14,14,36,36,32,36,36,36,36,36,14,14,14,36,36,36,36,36,36,36,36,36,36,27,36,36,36,36,36,36	14,14,14,14,14,14,14,14,14,14,14,14,14,14,14,21	
CP001853	192940	0	C	C	G	0.903993	36	27	7	0	36,32,14,14,14,14,14,14,14,14,14,14,14,14,36,36,21,36,36,36,36,32,36,36,36,36,14,14,14,36,36,36,36,36,36,36,36,36,36,36,32,14,21,14,36,32,32,14,32,36,36,32,14,36,14,32,36,36,14,36,36,14,36	14,14,14,14,14,14,14	
CP001853	206454	0	A	A	C	0.797349	32	13	12	0	14,14,14,14,32,14,14,14,14,14,14,14,14,14,14,14,14,14,14,14,14,14,32,14,36,36,36,36,36,36,36,14,14,14,36,36,36,14,14,14,36,36,32,36,36	14,14,14,14,14,14,14,14,14,14,14,14	
CP001853	223593	0	A	A	T	0.950856	27	31	2	1	27,36,36,36,14,14,36,36,36,36,36,36,36,36,36,36,36,36,36,36,36,36,36,36,36,36,36,36,14,36,14,36,14,36,36,36,36,36,36,36,36,36,36,36,36,36,14,36,36,36,36,36,36,36,36,14,36,14	36,36,36	
CP001853	283516	0	A	A	C	0.839388	40	10	0	10	36,21,36,36,36,36,36,14,36,36,36,21,36,36,36,32,36,36,36,14,36,32,36,36,36,21,14,32,36,36,36,36,36,36,36,36,32,32,36,36,36,36,36,32,14,14,36,14,21,14	14,14,14,14,14,14,14,14,14,14	
CP001853	290765	0	C	C	G	0.835624	29	44	14	0	14,14,14,14,14,21,21,21,14,36,36,36,36,36,36,36,36,21,36,36,36,36,36,36,14,14,14,32,14,14,21,36,36,36,36,36,36,36,36,36,36,14,14,14,14,14,36,36,36,36,21,21,14,36,36,36,21,14,14,21,21,36,36,36,36,36,36,36,36,36,36,36,36	14,14,14,14,14,14,14,14,14,14,14,14,14,14	
CP001853	291591	0	C	.	C	0.966671	25	4	0	1	32,36,36,36,36,36,36,32,36,36,36,36,36,27,36,32,36,36,36,36,36,32,36,36,36,36,36,36,36	14	
CP001853	294615	0	T	T	G	0.774119	26	4	9	0	36,36,21,14,14,14,14,21,36,14,21,21,32,32,14,14,14,14,14,14,14,14,14,14,36,21,14,36,36,36	14,14,14,14,14,14,14,14,14	
CP001853	297446	0	G	G	C	0.791461	14	1	0	4	36,36,36,36,36,36,36,36,36,36,36,36,36,32,32	14,14,14,36	
CP001853	432102	0	T	G	T	0.555123	0	13	3	8	14,14,14,14,14,14,14,14,14,14,14,14,14	36,32,36,32,14,14,14,14,14,14,14	
CP001853	505355	0	A	.	A	0.98913	28	63	0	1	36,36,36,36,36,36,36,36,36,32,36,36,32,36,36,14,36,32,36,36,36,36,36,36,36,36,36,36,36,36,14,36,36,36,36,36,36,36,36,36,36,36,36,36,36,36,14,36,32,36,36,36,36,36,36,36,36,36,36,36,36,36,36,36,14,36,36,36,36,36,36,32,36,36,36,14,36,36,36,36,36,36,32,36,36,36,36,36,36,36,36	36	
CP001853	701154	1	.	G	.	0.960007	14	10	1	0	36,36,14,36,36,36,36,36,36,36,36,36,36,14,36,36,36,36,36,36,36,36,36,14	36	
CP001853	726629	0	T	T	G	0.8192	26	26	12	0	14,14,14,14,14,14,21,21,21,14,21,14,14,21,36,21,14,21,36,36,36,36,36,14,14,14,36,36,14,36,36,36,36,36,36,36,36,36,36,21,21,21,14,21,14,14,36,36,36,36,32,36	14,36,14,14,14,32,14,14,21,14,14,14	
CP001853	726633	0	G	G	T	0.902696	34	28	7	0	32,14,36,14,14,21,14,14,14,14,14,14,14,14,14,14,14,21,14,14,36,14,36,36,36,36,36,14,32,32,21,32,36,36,36,36,36,36,36,36,36,21,36,36,36,21,36,36,21,36,32,36,36,36,36,36,36,36,36,36,36,36	14,21,14,14,32,21,14	
CP001853	726635	0	C	C	G	0.905151	32	32	7	0	14,14,14,14,14,14,21,14,14,14,14,14,14,14,14,14,14,32,14,14,36,36,32,36,36,14,36,14,36,36,36,36,36,36,36,36,36,36,36,36,36,14,14,14,14,14,21,36,36,36,36,36,36,36,36,27,36,36,36,36,36,36,36,36	14,14,14,14,14,14,14	
CP001853	809959	0	C	C	G	0.57175	3	6	0	7	36,36,36,32,36,14,32,14,14	14,32,14,14,14,14,14	
CP001853	809966	0	T	T	C	0.81033	7	10	0	4	32,36,36,36,14,14,32,14,14,36,36,36,32,36,36,14,14	14,14,14,14	
CP001853	810686	0	C	C	T	0.93466	23	34	1	3	36,36,36,36,36,36,36,36,32,36,36,36,36,36,36,36,36,36,36,32,36,36,36,36,32,36,36,36,36,36,36,36,36,36,36,36,36,36,36,36,36,32,36,36,36,36,36,36,36,36,32,36,36,36,36,32,36	36,36,14,36	
CP001853	863200	0	A	A	C	0.753659	30	17	16	0	36,36,36,32,36,14,32,14,14,14,14,14,14,14,14,14,14,14,36,14,14,14,14,14,14,14,36,32,14,14,36,36,36,14,36,36,36,36,36,36,36,36,32,32,36,36,36	14,32,14,14,32,14,14,14,14,14,14,14,14,32,14,14	
CP001853	866727	0	C	C	G	0.845506	33	30	12	0	21,14,36,14,21,14,36,36,14,14,14,14,14,14,36,14,21,14,14,14,21,14,14,14,14,14,36,36,36,36,36,36,36,36,21,36,36,36,32,36,36,36,21,21,14,36,14,14,14,14,14,14,36,36,36,36,32,36,27,14,36,36,14	14,14,14,14,14,14,14,14,14,14,14,14	
CP001853	872789	0	A	A	C	0.881798	33	37	0	10	32,32,36,36,36,36,36,36,36,14,36,36,14,36,14,21,14,36,36,36,36,36,36,36,36,21,36,36,36,36,14,36,36,36,36,36,36,36,36,36,14,32,21,14,14,14,14,32,27,36,21,14,14,14,14,21,14,14,14,14,14,36,14,14,14,14,32,14,14,14	14,14,14,14,14,14,14,14,14,14	
CP001853	893616	0	A	A	C	0.811134	16	53	0	17	14,14,36,21,36,14,14,14,21,14,21,21,14,36,21,36,14,32,32,32,14,14,21,14,14,14,14,32,14,21,14,36,36,36,36,32,36,36,36,36,36,21,32,21,21,36,36,36,36,36,14,36,36,14,36,36,32,14,36,36,36,32,14,14,32,32,36,36,32	14,14,14,14,14,21,14,14,14,14,14,14,14,21,14,21,14	
CP001853	915643	0	G	G	C	0.83487	14	23	8	0	14,36,36,36,14,14,36,14,36,14,14,14,14,14,14,27,36,36,36,36,36,36,36,14,36,36,36,36,32,36,32,36,36,14,36,14,36	14,14,14,32,14,14,14,14	
CP001853	995613	0	C	C	G	0.82513	16	12	6	0	36,36,32,14,14,32,36,36,36,14,14,14,14,36,36,21,14,36,36,32,14,36,36,14,36,36,36,32	14,14,14,14,14,14	
CP001853	995617	0	C	C	G	0.813204	10	10	6	0	14,36,36,36,14,36,36,14,36,14,21,14,32,14,36,36,36,36,36,32	14,14,14,14,14,14	
CP001853	1079719	0	C	C	G	0.618318	7	1	0	5	14,36,36,36,36,36,14,14	14,32,27,32,14	
CP001853	1110881	0	A	A	C	0.890264	17	44	0	8	36,21,21,32,36,36,14,36,36,21,36,21,32,36,32,36,14,36,36,14,36,14,36,36,36,36,32,21,14,21,21,36,21,36,21,32,21,21,14,14,32,14,36,36,36,32,32,32,36,21,14,14,32,36,32,14,14,14,14,21,14	14,14,14,14,36,14,14,14	
CP001853	1168441	0	G	G	T	0.958349	21	48	0	3	32,32,36,36,32,14,32,32,36,32,36,36,36,27,36,36,32,36,36,36,36,36,14,36,36,36,36,36,36,36,36,36,36,36,36,14,32,36,36,36,27,36,36,36,36,36,32,32,32,36,36,36,36,36,36,36,36,36,36,32,36,36,36,36,36,36,36,14,14	36,36,32	
CP001853	1188442	0	T	T	G	0.805232	22	18	10	0	14,14,14,14,14,14,36,14,14,14,14,14,14,36,36,32,36,14,14,14,36,36,32,14,36,21,36,36,14,14,32,36,21,36,36,14,21,36,32,32	14,14,14,14,14,14,14,14,14,14	
CP001853	1265403	0	A	A	C	0.818105	22	16	0	8	32,36,36,36,36,36,36,36,36,32,36,36,36,36,36,14,14,21,36,14,14,14,14,14,32,36,36,36,36,14,27,32,36,14,36,14,36,36	14,14,14,14,14,14,14,14	
CP001853	1271926	0	G	A	G	0.588288	17	13	10	11	36,36,14,36,36,36,36,36,32,36,14,14,36,36,36,36,36,36,36,36,36,36,36,36,36,36,36,36,36,14	36,36,36,36,32,36,36,36,14,36,36,36,27,32,36,36,36,36,36,36,14	
CP001853	1272462	0	G	G	C	0.825438	14	21	8	0	14,36,32,36,36,36,14,14,32,36,36,36,36,36,36,36,36,14,14,36,32,32,14,36,36,36,36,36,36,36,14,32,36,36,36	14,14,36,14,14,21,14,14	
CP001853	1297152	0	A	A	C	0.88431	34	24	0	8	36,36,21,36,36,36,36,36,36,36,32,36,36,14,14,36,14,14,36,14,36,14,14,14,36,36,36,36,36,36,36,36,36,36,36,36,14,14,14,14,14,14,14,14,21,14,36,14,36,36,21,36,36,36,36,14,36,14	14,14,14,14,32,14,14,14	
CP001853	1305547	0	T	T	C	0.523823	14	8	20	0	36,36,36,36,36,36,32,36,36,36,36,14,36,36,36,36,36,36,36,14,36,36	36,36,36,36,21,32,14,36,36,36,36,36,36,36,36,36,36,14,36,36	
CP001853	1305560	0	G	G	C	0.608376	19	12	20	0	36,36,36,36,36,36,36,36,36,14,27,36,36,36,36,36,36,36,36,36,36,36,36,36,36,14,36,32,36,36,36	36,36,36,36,32,36,32,36,36,36,36,36,36,36,36,36,36,14,36,36	
CP001853	1316477	0	C	C	.	0.900007	7	11	1	1	36,36,36,14,36,36,36,36,36,36,36,36,36,36,14,36,36,36	36,36	
CP001853	1322344	0	A	A	C	0.690767	2	19	10	0	36,36,14,21,36,36,36,36,14,36,36,36,36,36,36,36,36,36,36,36,36	14,14,14,14,14,14,14,14,14,14	
CP001853	1323614	0	A	A	C	0.908947	23	42	0	7	32,14,21,21,36,32,32,14,21,14,14,14,36,36,32,36,36,14,32,36,21,14,32,36,36,32,32,14,32,14,14,36,14,32,32,14,14,36,32,14,32,21,14,21,36,36,14,14,14,14,36,36,36,36,32,32,21,21,36,32,36,21,36,32,32	14,14,14,14,14,14,36	
CP001853	1401024	1	.	.	G	0.920002	11	12	2	0	36,14,32,36,36,36,36,36,32,14,36,36,14,14,36,14,36,36,36,14,36,14,14	14,14	
CP001853	1452969	0	C	C	G	0.859597	36	25	0	11	36,36,36,36,36,32,36,36,32,36,36,36,21,21,36,14,36,36,36,36,36,36,36,36,36,36,36,36,14,36,14,14,14,21,21,32,36,36,36,36,36,36,36,36,36,21,36,36,36,36,14,14,32,36,36,36,36,36,36,36,21	14,14,27,32,21,14,14,21,21,14,14	
CP001853	1482259	1	.	.	C	0.573234	0	4	0	2	36,36,36,36	32,36	
CP001853	1493290	0	T	T	G	0.630148	7	3	5	0	14,14,14,36,32,36,32,36,36,36	14,14,14,14,14	
CP001853	1493532	0	C	.	C	0.799999	6	2	1	1	36,36,36,36,32,36,36,36	36,36	
CP001853	1528588	0	C	C	A	0.902462	44	53	0	11	36,36,36,36,27,36,36,14,36,36,36,36,14,36,36,36,36,32,36,36,32,36,36,36,36,14,36,32,32,36,36,32,32,14,14,14,27,14,32,32,14,21,14,14,14,14,21,14,14,14,14,14,14,32,14,14,32,14,21,21,36,36,36,36,36,36,36,36,36,36,36,36,36,21,36,36,36,14,36,36,14,36,36,36,14,14,14,14,14,14,14,14,14,36,36,36,36	14,21,36,14,21,14,21,14,14,14,14	
CP001853	1528592	0	G	G	C	0.817273	42	45	0	20	36,36,36,36,36,32,36,36,36,14,36,36,36,36,14,36,36,32,36,36,36,36,14,21,36,36,36,14,14,27,14,14,14,14,14,14,14,14,14,14,14,27,14,14,14,32,36,36,32,36,36,36,36,36,36,36,36,36,36,32,36,36,14,14,14,36,36,14,36,36,36,14,14,14,21,14,14,36,32,36,36,14,14,14,14,14,14	21,14,14,14,14,14,14,14,14,21,14,14,14,14,21,14,14,14,14,14	
CP001853	1528594	0	A	A	C	0.89337	32	54	0	11	32,36,36,36,14,32,36,36,14,21,21,14,21,14,21,14,36,21,36,14,32,14,32,14,14,14,36,14,21,32,14,32,14,21,14,36,36,36,36,36,36,36,36,32,21,32,36,36,36,14,36,36,14,32,14,14,14,14,36,36,32,36,36,36,36,32,14,14,36,14,21,21,36,36,36,36,14,14,36,14,36,14,14,14,14,36	14,14,14,14,14,14,14,14,14,14,14	
CP001853	1550859	0	T	T	G	0.858836	21	20	7	0	36,36,14,14,14,36,14,14,14,36,36,14,14,36,14,36,14,36,36,36,36,36,36,32,21,36,14,32,14,36,36,36,36,36,32,36,32,36,21,32,36	14,14,21,14,32,14,14	
CP001853	1550861	0	C	C	G	0.917793	26	39	6	0	36,36,14,14,27,14,14,32,14,36,36,14,14,14,14,14,14,36,36,36,36,36,14,32,32,14,32,14,14,14,14,36,32,36,36,36,32,36,36,36,36,36,36,36,36,36,36,36,36,36,36,36,36,36,36,36,36,36,36,36,27,32,36,27,36	14,14,14,32,14,14	
CP001853	1550867	0	C	C	G	0.888082	22	40	8	0	14,14,36,36,14,14,14,32,14,36,36,36,36,36,32,14,14,14,14,14,32,36,32,36,36,36,36,36,36,36,36,36,36,36,36,36,36,36,36,36,36,36,36,36,36,36,36,36,36,36,36,36,36,21,36,32,36,36,36,36,36,36	14,14,14,14,14,27,14,14	
CP001853	1561207	0	A	A	C	0.638686	13	7	11	0	21,36,14,14,14,21,14,14,14,14,36,36,14,14,14,14,14,36,36,36	14,14,14,14,14,14,14,14,14,14,14	
CP001853	1620566	0	C	C	G	0.963863	31	49	1	2	36,32,36,32,36,27,32,36,36,36,36,36,36,36,32,36,36,36,32,36,36,36,36,36,36,36,36,36,36,36,36,36,14,32,36,36,36,36,36,36,36,36,32,32,36,36,36,36,36,36,32,36,14,36,36,36,36,27,36,36,36,14,14,36,36,36,36,36,36,27,36,27,36,36,36,36,36,36,36,36	36,36,36	
CP001853	1654222	0	T	T	A	0.918677	39	28	0	6	36,21,21,36,32,36,14,36,36,36,36,36,32,36,36,36,36,36,21,36,36,36,32,14,14,36,36,36,36,36,36,14,36,36,36,14,36,32,14,14,14,21,21,14,14,36,14,36,36,36,36,36,36,36,36,14,36,36,36,36,21,32,21,14,36,36,36	14,14,14,14,14,14	
CP001853	1722701	0	C	C	G	0.865061	7	33	7	0	14,14,14,36,36,14,14,32,36,36,36,36,36,36,36,36,36,36,14,36,32,14,36,36,36,36,14,36,36,36,36,36,36,36,36,36,36,21,36,32	14,14,14,14,14,14,14	
CP001853	1739597	0	C	C	G	0.831729	38	10	10	0	36,36,36,14,36,36,32,14,36,21,21,14,14,14,21,32,21,21,14,36,14,21,21,36,14,14,14,14,32,14,36,14,32,21,32,32,36,14,36,21,36,32,14,21,32,32,36,21	21,14,14,21,14,21,21,21,21,21	
CP001853	1739604	0	C	C	G	0.839921	33	17	10	0	14,14,21,14,14,21,21,14,14,14,21,36,14,14,21,14,36,36,21,32,36,21,36,21,21,21,21,14,21,14,27,21,36,36,36,36,36,14,36,36,36,36,36,36,36,36,36,36,36,32	14,14,14,14,14,14,14,14,14,14	
CP001853	1749816	0	T	T	A	0.952981	55	26	2	2	36,36,36,36,36,36,36,36,36,36,21,36,36,36,36,36,36,36,36,36,36,36,36,36,14,36,36,36,36,36,36,36,36,32,36,36,36,36,36,36,36,36,21,36,36,36,36,36,36,36,36,36,36,36,36,36,36,36,36,36,36,36,36,36,36,36,36,36,36,36,32,14,36,36,36,36,36,36,36,36,36	36,36,36,36	
CP001853	1768253	0	G	G	C	0.866322	33	4	0	6	32,36,21,36,36,36,36,36,36,36,36,36,36,36,14,36,36,36,36,36,14,36,36,36,36,36,36,36,36,36,36,32,36,36,14,14,14	14,14,14,14,14,14	
CP001853	1780398	0	A	A	T	0.918682	36	31	6	0	14,14,32,36,21,14,14,32,14,14,14,14,36,36,36,14,14,14,32,14,14,36,36,36,36,36,36,32,32,14,14,36,36,36,36,21,21,14,14,36,36,14,36,36,36,36,36,36,36,32,14,14,36,36,36,36,36,36,36,36,36,21,36,32,14,36,36	14,14,14,14,14,14	
CP001853	1783833	0	C	C	G	0.865085	41	20	10	0	14,14,14,36,36,36,14,36,36,36,36,36,14,14,32,36,36,36,36,36,36,36,21,14,36,36,36,21,32,32,21,36,14,36,32,14,21,21,32,14,14,36,36,14,36,36,36,14,36,21,36,36,32,36,14,36,14,32,14,36,36	14,14,14,14,14,14,14,14,14,14	
CP001853	1790791	0	A	A	T	0.942755	40	57	6	0	36,36,36,36,36,36,36,36,36,36,36,36,36,32,14,36,36,36,36,36,36,21,21,21,36,36,14,14,14,14,36,36,21,32,14,14,36,36,36,21,14,21,36,36,21,32,36,36,32,32,21,36,36,36,36,36,36,36,36,36,36,36,36,36,36,36,36,36,36,36,36,36,32,14,14,36,36,32,36,21,36,36,36,36,36,36,36,36,36,36,36,36,36,36,36,36,36	14,14,21,14,14,14	
CP001853	1860151	1	.	.	G	0.962264	4	47	2	0	36,36,36,36,36,36,14,36,32,32,14,36,36,36,36,32,36,32,36,36,36,36,32,36,36,36,36,36,32,36,32,14,36,36,36,36,36,32,14,36,36,36,36,14,36,36,36,14,36,36,36	36,36	
CP001853	1864812	0	C	C	G	0.815011	30	52	0	20	36,14,36,36,36,36,36,14,21,36,36,36,36,36,36,32,36,14,14,14,14,32,32,36,32,14,21,32,14,32,14,14,14,14,14,21,14,32,36,14,14,14,36,21,21,36,36,36,36,36,32,36,36,21,14,36,14,21,14,21,32,14,14,14,32,14,32,14,14,14,36,21,14,32,32,36,21,36,36,32,14,36	21,14,14,36,32,14,14,14,14,14,21,14,14,14,14,21,32,14,14,14	
CP001853	1917283	0	A	A	C	0.89003	22	54	0	10	36,36,36,36,36,36,36,36,36,14,36,36,36,21,14,21,36,21,36,32,36,36,36,36,32,14,14,32,36,14,14,21,14,14,14,14,14,32,32,36,14,32,32,14,36,36,36,14,14,14,32,14,27,14,14,32,14,14,36,14,36,14,14,32,14,14,32,21,14,14,32,14,14,36,36,14	14,14,14,14,14,14,32,14,14,14	
